timestamp,numFrame,x,y,z,doppler,SNR,Range,Azimuth,Elevation
11:27:44.163515,1,-0.08438637016579541,2.826264353763409,1.6828926448301582,-0.06972000186215155,5.879999868571758,3.2904435735698163,91.7102246052803,30.760366203235915
11:27:44.163515,2,-0.08626228191800928,2.8890923022303405,1.6758433380154696,-0.06972000186215155,7.1199998408555984,3.341069649926374,91.7102246052803,30.105174341103616
11:27:44.207460,1,-0.16242690185284636,2.775885486844017,1.9128105470909043,-0.06972000186215155,4.999999888241291,3.3750210256499087,93.34876081891161,34.52426102630849
11:27:44.207460,2,-0.08438637016579541,2.826264353763409,1.6828926448301582,0.06972000186215155,12.519999720156193,3.2904435735698163,91.7102246052803,30.760366203235915
11:27:44.207460,3,-0.08626228191800928,2.8890923022303405,1.6758433380154696,-0.06972000186215155,16.639999628067017,3.341069649926374,91.7102246052803,30.105174341103616
11:27:44.207460,4,-0.08813819367022316,2.9519202506972713,1.6687940312007812,-0.06972000186215155,9.63999978452921,3.3921195477505575,91.7102246052803,29.469622130387272
11:27:44.262641,1,-0.1827515355874431,2.7121189532773102,2.0511363293452667,-0.06972000186215155,7.239999838173389,3.405311671792401,93.85495148815846,37.03726961520097
11:27:44.262641,2,-0.05676185680283489,2.7925279609073583,1.4577694118835076,-0.06972000186215155,7.999999821186066,3.15063897948659,91.16445281614656,27.560830353169692
11:27:44.262641,3,-0.05751298070150671,2.889786689198116,1.6756572775882195,0.06972000186215155,15.359999656677246,3.340958270309604,91.14015892549759,30.10259346990759
11:27:44.262641,4,-0.05876369276249014,2.9526297382239983,1.6686039245909545,-0.06972000186215155,9.63999978452921,3.3920074586875746,91.14015892549759,29.467003657213876
11:27:44.262641,5,0.13764801178950317,0.0688814590643507,1.7992081288296464,3.7573201003542636,5.359999880194664,1.8057800312881727,26.584179819603314,85.11029607834746
11:27:44.316902,1,-0.23550446581208842,2.7084152036219264,2.0250398889104937,-0.06972000186215155,7.639999829232693,3.389950120622199,94.96953287385892,36.68146106766331
11:27:44.316902,2,-0.08626228191800928,2.8890923022303405,1.6758433380154696,-0.06972000186215155,16.639999628067017,3.341069649926374,91.7102246052803,30.105174341103616
11:27:44.316902,3,-0.08753500321555478,2.9628251384680753,1.7871532863725548,-0.06972000186215155,9.63999978452921,3.461200954425868,91.69227933034672,31.087002446072702
11:27:44.316902,4,-0.02828006525602785,2.812394825009251,1.5697861953672707,-0.06972000186215155,8.51999980956316,3.2209615199494936,90.5761188863619,29.16758384593655
11:27:44.316902,5,0.09884001889882355,0.16737433558901216,2.161942855757041,-2.226560059469193,4.999999888241291,2.1706635918789194,59.43675992375889,84.86236260888288
11:27:44.372027,1,-0.1851495986993632,2.711113658691785,1.915237859743904,-0.06972000186215155,7.519999831914902,3.3245381188429923,93.90682423515828,35.1761003379925
11:27:44.372027,2,-0.08380885602727595,2.8367050476070634,1.7962136411378855,-0.06972000186215155,24.23999945819378,3.358616217443996,91.69227933034672,32.330867543182194
11:27:44.372027,3,-0.08567192962141536,2.899765093037569,1.79168346375522,-0.06972000186215155,29.11999934911728,3.4097077453380282,91.69227933034672,31.699579422380385
11:27:44.372027,4,-0.08753500321555478,2.9628251384680753,1.7871532863725548,-0.06972000186215155,11.239999748766422,3.461200954425868,91.69227933034672,31.087002446072702
11:27:44.372027,5,-0.05530003185530228,2.7494745686433397,1.5794572101727686,-0.06972000186215155,5.359999880194664,3.1713330912892803,91.15223153032491,29.870546895961386
11:27:44.372027,6,-0.057226373821015405,2.898222188389915,1.762499805345486,-0.06972000186215155,27.99999937415123,3.3925465766853082,91.13117748345222,31.300138769360338
11:27:44.372027,7,-0.0286146176294025,2.898636771988498,1.7623887180050501,-0.06972000186215155,25.879999421536922,3.392481086994806,90.56559124081664,31.298615547847465
11:27:44.429759,1,-0.22729582818842278,2.642529498765815,2.130596227029433,-0.06972000186215155,7.35999983549118,3.4020678752769506,94.91616702921694,38.77509952390337
11:27:44.429759,2,-0.22328546069865352,2.8292877441461393,1.7982011016102568,-0.06972000186215155,17.519999608397484,3.3597995085968004,94.5123912689794,32.35821087605152
11:27:44.429759,3,-0.22824910374906732,2.892182902679569,1.7937151055385052,-0.06972000186215155,17.999999597668648,3.4108992180583817,94.5123912689794,31.727333976982546
11:27:44.429759,4,-0.18326789925057618,2.7124603687987467,2.023955990168114,-0.06972000186215155,14.359999679028988,3.3893105826018575,93.86532554467723,36.66666784304313
11:27:44.429759,5,-0.16754228974442678,2.833062976081491,1.797189531261939,-0.06972000186215155,20.87999953329563,3.3591972934875427,93.38442836200673,32.34429457867405
11:27:44.429759,6,-0.17126676029229956,2.896042058143578,1.7926810479484578,-0.06972000186215155,21.7599995136261,3.4102928386563947,93.38442836200673,31.713208410713683
11:27:44.429759,7,-0.139644179078253,2.83454658513037,1.7967919994154085,-0.06972000186215155,24.119999460875988,3.358960602506064,92.82040118512772,32.338825223688396
11:27:44.429759,8,-0.14274847371904012,2.8975586478698467,1.7922746789560549,-0.06972000186215155,25.63999942690134,3.4100545112096787,92.82040118512772,31.7076567973613
11:27:44.429759,9,-0.10856891389738767,2.77747247562905,1.884310012215729,-0.06972000186215155,15.119999662041664,3.358089454448506,92.23850110728996,34.13367735221436
11:27:44.429759,10,-0.1117321041111654,2.8357606494406995,1.796466691863896,-0.06972000186215155,26.75999940186739,3.3587669015550716,92.25634990670568,32.33434935733538
11:27:44.429759,11,-0.11421591241800354,2.898799700869264,1.7919421398070967,-0.06972000186215155,28.879999354481697,3.409859471125701,92.25634990670568,31.703113609567872
11:27:44.429759,12,-0.08380885602727595,2.8367050476070634,1.7962136411378855,-0.06972000186215155,27.759999379515648,3.358616217443996,91.69227933034672,32.330867543182194
11:27:44.429759,13,-0.08567192962141536,2.899765093037569,1.79168346375522,-0.06972000186215155,30.51999931782484,3.4097077453380282,91.69227933034672,31.699579422380385
11:27:44.429759,14,-0.05587722712799888,2.8373796851904376,1.7960328725422368,-0.06972000186215155,26.75999940186739,3.358508571031972,91.12819427078745,32.328380219737454
11:27:44.429759,15,-0.05711937970364106,2.900454727836354,1.7914986766678132,-0.06972000186215155,29.759999334812164,3.4095993548023373,91.12819427078745,31.697054683241106
11:27:44.429759,16,-0.05836153227928324,2.963529770482271,1.7869644807933898,-0.06972000186215155,9.63999978452921,3.4610918544011335,91.12819427078745,31.084441724997628
11:27:44.429759,17,-0.02799234684891094,2.8356012637099104,1.7675559566456487,-0.06972000186215155,24.23999945819378,3.341507467911581,90.56559124081664,31.93586303260344
11:27:44.429759,18,-0.0286146176294025,2.898636771988498,1.7623887180050501,-0.06972000186215155,26.99999939650297,3.392481086994806,90.56559124081664,31.298615547847465
11:27:44.429759,19,0.0,2.8357364574873047,1.767519731582174,-0.06972000186215155,20.87999953329563,3.3414857859723073,90.0,31.935362839150333
11:27:44.429759,20,0.0,2.8987749711279585,1.7623516876572372,-0.06972000186215155,23.11999948322773,3.3924592560893356,90.0,31.298107785705046
11:27:44.429759,21,0.028132540935523687,2.827351239190657,1.682601414757662,-0.06972000186215155,17.359999611973763,3.290266553116467,89.42991778005587,30.756299305658263
11:27:44.429759,22,0.0286146176294025,2.898636771988498,1.7623887180050501,-0.06972000186215155,19.239999569952488,3.392481086994806,89.43440875918336,31.298615547847465
11:27:44.429759,23,0.056262268640523284,2.826943640172232,1.6827106305854846,-0.06972000186215155,14.359999679028988,3.2903329396685996,88.85984107450243,30.757824475380477
11:27:44.429759,24,0.05751298070150671,2.889786689198116,1.6756572775882195,-0.06972000186215155,15.87999964505434,3.340958270309604,88.85984107450243,30.10259346990759
11:27:44.429759,25,0.08626228191800928,2.8890923022303405,1.6758433380154696,-0.06972000186215155,12.999999709427357,3.341069649926374,88.2897753947197,30.105174341103616
11:27:44.488381,1,-0.2704227672589097,2.767522358431533,1.915051440595227,-0.06972000186215155,17.999999597668648,3.376348693129348,95.58082293581647,34.554924177417504
11:27:44.488381,2,-0.27893932044969294,2.8244364636770145,1.7995009982942156,-0.06972000186215155,18.999999575316906,3.360573213709699,95.64020052645444,32.37609124723915
11:27:44.488381,3,-0.28514015061169734,2.887223778087899,1.7950438989680084,-0.06972000186215155,17.23999961465597,3.4116782746134335,95.64020052645444,31.745483163588496
11:27:44.488381,4,-0.2434576197765534,2.7700042307456667,1.9143864249129376,-0.06972000186215155,21.239999525249004,3.375954744197128,95.02285940073932,34.54582517097176
11:27:44.488381,5,-0.2511249467163127,2.8269964987796974,1.7988150389558564,-0.06972000186215155,23.35999947786331,3.3601649494258012,95.07631747240703,32.366656067753
11:27:44.488381,6,-0.25670746244596976,2.8898407228541427,1.7943426907312567,-0.06972000186215155,21.359999522566795,3.411267186328607,95.07631747240703,31.73590614356572
11:27:44.488381,7,-0.216964140700436,2.7711828214317933,1.8859953199785549,-0.06972000186215155,24.51999945193529,3.3590930346046632,94.4767246728114,34.15680496984825
11:27:44.488381,8,-0.22328546069865352,2.8292877441461393,1.7982011016102568,-0.06972000186215155,28.759999357163906,3.3597995085968004,94.5123912689794,32.35821087605152
11:27:44.488381,9,-0.22824910374906732,2.892182902679569,1.7937151055385052,-0.06972000186215155,26.519999407231808,3.4108992180583817,94.5123912689794,31.727333976982546
11:27:44.488381,10,-0.18326789925057618,2.7124603687987467,2.023955990168114,-0.06972000186215155,20.999999530613422,3.3893105826018575,93.86532554467723,36.66666784304313
11:27:44.488381,11,-0.1898911078407393,2.773147797723338,1.885468806168089,-0.06972000186215155,27.359999388456345,3.358779534278441,93.91720990305804,34.14958000908604
11:27:44.488381,12,-0.16754228974442678,2.833062976081491,1.797189531261939,-0.06972000186215155,34.879999220371246,3.3591972934875427,93.38442836200673,32.34429457867405
11:27:44.488381,13,-0.17126676029229956,2.896042058143578,1.7926810479484578,-0.06972000186215155,32.51999927312136,3.4102928386563947,93.38442836200673,31.713208410713683
11:27:44.488381,14,-0.1530331086719804,2.6506244153484935,2.0495176360738294,-0.06972000186215155,9.119999796152115,3.354064916510861,93.30428873550747,37.66581466429118
11:27:44.488381,15,-0.15712081958853955,2.7141043337342525,2.0235154910912603,-0.06972000186215155,20.999999530613422,3.3890506383100165,93.31318267180212,36.66065549200575
11:27:44.488381,16,-0.1362704686049071,2.773397999297797,1.8290654157505852,-0.06972000186215155,29.11999934911728,3.325024270320096,92.81295673814536,33.37324564669986
11:27:44.488381,17,-0.139644179078253,2.83454658513037,1.7967919994154085,-0.06972000186215155,40.51999909430742,3.358960602506064,92.82040118512772,32.338825223688396
11:27:44.488381,18,-0.14274847371904012,2.8975586478698467,1.7922746789560549,-0.06972000186215155,38.359999142587185,3.4100545112096787,92.82040118512772,31.7076567973613
11:27:44.488381,19,-0.14585276835982722,2.960570710609324,1.7877573584967013,-0.06972000186215155,11.239999748766422,3.461549990309995,92.82040118512772,31.09519492927648
11:27:44.488381,20,-0.13095802797618,2.715495659291904,2.023142686531679,-0.06972000186215155,19.879999555647373,3.3888306258636183,92.76101836819511,36.655566942536595
11:27:44.488381,21,-0.10924829580432727,2.7727215980121347,1.8009912439206954,-0.06972000186215155,29.23999934643507,3.3080945740559065,92.25634990670568,32.98500424798355
11:27:44.488381,22,-0.1117321041111654,2.8357606494406995,1.796466691863896,-0.06972000186215155,44.23999901115894,3.3587669015550716,92.25634990670568,32.33434935733538
11:27:44.488381,23,-0.11421591241800354,2.898799700869264,1.7919421398070967,-0.06972000186215155,42.63999904692173,3.409859471125701,92.25634990670568,31.703113609567872
11:27:44.488381,24,-0.11691831875026791,2.9595544951395194,1.7577889381791258,-0.06972000186215155,12.11999972909689,3.444191436918805,92.26231499849503,30.68803259406607
11:27:44.488381,25,-0.07859577523901864,2.7175198610257265,2.0226003033117834,-0.06972000186215155,17.999999597668648,3.3885105102259345,91.65663967969007,36.648163491781546
11:27:44.488381,26,-0.08194578243313651,2.7736450021765577,1.8007438185205509,-0.06972000186215155,27.759999379515648,3.3079449828099543,91.69227933034672,32.98157688905845
11:27:44.488381,27,-0.08380885602727595,2.8367050476070634,1.7962136411378855,-0.06972000186215155,44.359999008476734,3.358616217443996,91.69227933034672,32.330867543182194
11:27:44.488381,28,-0.08583240742319051,2.897531261790221,1.7626849385699028,-0.06972000186215155,43.239999033510685,3.392655716083916,91.69675373256577,31.30267725552075
11:27:44.488381,29,-0.08769897086466096,2.960542728975448,1.7575241417208556,-0.06972000186215155,12.519999720156193,3.4440376694095174,91.69675373256577,30.684428248121655
11:27:44.488381,30,-0.05240155029562143,2.718152534783418,2.022430778889338,-0.06972000186215155,15.87999964505434,3.3884104503766714,91.10443242792269,36.64584944558655
11:27:44.488381,31,-0.05463507455235669,2.7743046425445206,1.8005670684166604,-0.06972000186215155,24.999999441206455,3.3078381170912805,91.12819427078745,32.9791284689194
11:27:44.488381,32,-0.055981894486588996,2.8351956958969935,1.7676646282135957,-0.06972000186215155,40.759999088943005,3.3415725107171705,91.13117748345222,31.937363549350867
11:27:44.488381,33,-0.057226373821015405,2.898222188389915,1.762499805345486,-0.06972000186215155,39.99999910593033,3.3925465766853082,91.13117748345222,31.300138769360338
11:27:44.488381,34,-0.05867194345147583,2.955798392241551,1.6981517452390884,-0.06972000186215155,12.519999720156193,3.4093849712792297,91.1371591973554,29.873157215610668
11:27:44.488381,35,-0.02731890320989494,2.7747004531525388,1.8004610112838861,-0.06972000186215155,21.7599995136261,3.3077739917278035,90.56409955111795,32.97765929416892
11:27:44.488381,36,-0.02799234684891094,2.8356012637099104,1.7675559566456487,-0.06972000186215155,34.99999921768904,3.341507467911581,90.56559124081664,31.93586303260344
11:27:44.488381,37,-0.0286146176294025,2.898636771988498,1.7623887180050501,-0.06972000186215155,34.23999923467636,3.392481086994806,90.56559124081664,31.298615547847465
11:27:44.488381,38,-0.029337438585377722,2.956223448449517,1.6980378517714259,-0.06972000186215155,12.11999972909689,3.4093181588866157,90.56858226847363,29.87159483924187
11:27:44.488381,39,0.0,2.774832394419884,1.8004256577278528,-0.06972000186215155,18.519999586045742,3.3077526156178543,90.0,32.97716954880573
11:27:44.488381,40,0.0,2.8357364574873047,1.767519731582174,-0.06972000186215155,28.999999351799488,3.3414857859723073,90.0,31.935362839150333
11:27:44.488381,41,0.0,2.893442586201997,1.7044275825623099,-0.06972000186215155,28.11999937146902,3.358136891766996,90.0,30.500876863956194
11:27:44.488381,42,0.028088616853721195,2.8303843750991797,1.7108916287549927,-0.06972000186215155,23.519999474287033,3.307418154171958,89.43141773152638,31.150590160319773
11:27:44.488381,43,0.028757928235118406,2.890203349155971,1.6755456338889938,-0.06972000186215155,22.639999493956566,3.3408914363015807,89.42991778005587,30.10104481141832
11:27:44.488381,44,0.056262268640523284,2.826943640172232,1.6827106305854846,-0.06972000186215155,19.119999572634697,3.2903329396685996,88.85984107450243,30.757824475380477
11:27:44.488381,45,0.05751298070150671,2.889786689198116,1.6756572775882195,-0.06972000186215155,18.23999959230423,3.340958270309604,88.85984107450243,30.10259346990759
11:27:44.544242,1,-0.3099536952087808,2.6976073830269303,2.1358137641386445,-0.06972000186215155,16.639999628067017,3.454686284052297,96.55451233989521,38.18748123090655
11:27:44.544242,2,-0.3242692422851514,2.761777883369094,1.9165906680491482,-0.06972000186215155,16.8799996227026,3.377260340484864,96.696621544488,34.575982228218784
11:27:44.544242,3,-0.28683637879989,2.703046001836615,2.0535674193567677,-0.06972000186215155,20.239999547600746,3.406739194903472,96.05732934655207,37.07038169361396
11:27:44.544242,4,-0.2973608726911005,2.764780151233201,1.915786212799499,-0.06972000186215155,20.999999530613422,3.3767839117144205,96.13874499975636,34.56497693296622
11:27:44.544242,5,-0.3041215036032903,2.827638650358111,1.913871575114225,-0.06972000186215155,16.99999962002039,3.4279636275758776,96.13874499975636,33.93910817884721
11:27:44.544242,6,-0.26085169378073514,2.7056911540907436,2.0528586529464166,-0.06972000186215155,24.639999449253082,3.4063230728235623,95.50678256416319,37.06072869998406
11:27:44.544242,7,-0.2704227672589097,2.767522358431533,1.915051440595227,-0.06972000186215155,26.239999413490295,3.376348693129348,95.58082293581647,34.554924177417504
11:27:44.544242,8,-0.2765709484340089,2.8304432028495032,1.913120097539026,-0.06972000186215155,21.239999525249004,3.4275251598904966,95.58082293581647,33.92889969802622
11:27:44.544242,9,-0.28514015061169734,2.887223778087899,1.7950438989680084,-0.06972000186215155,17.519999608397484,3.4116782746134335,95.64020052645444,31.745483163588496
11:27:44.544242,10,-0.2348409238107439,2.7080851854936894,2.0522171741653423,-0.06972000186215155,29.519999340176582,3.4059464119868146,94.95620176730327,37.05199170771836
11:27:44.544242,11,-0.2434576197765534,2.7700042307456667,1.9143864249129376,-0.06972000186215155,32.99999926239252,3.375954744197128,95.02285940073932,34.54582517097176
11:27:44.544242,12,-0.24956327709095022,2.8319098912857257,1.8840134926296808,-0.06972000186215155,26.87999939918518,3.410498834781357,95.0362048918426,33.5329063332532
11:27:44.544242,13,-0.25670746244596976,2.8898407228541427,1.7943426907312567,-0.06972000186215155,21.87999951094389,3.411267186328607,95.07631747240703,31.73590614356572
11:27:44.544242,14,-0.2093966522762298,2.710563928880504,2.0244641397127014,-0.06972000186215155,34.35999923199415,3.3896104235612823,94.41744345152517,36.67360330167556
11:27:44.544242,15,-0.21646812673618845,2.772225519990451,1.913791232253642,-0.06972000186215155,40.759999088943005,3.3756021187678376,94.46485846824099,34.537681008887986
11:27:44.544242,16,-0.22284488146028486,2.8312039645896805,1.8265854642052803,-0.06972000186215155,33.87999924272299,3.376653696834692,94.50048867883923,32.748023156761874
11:27:44.544242,17,-0.22824910374906732,2.892182902679569,1.7937151055385052,-0.06972000186215155,27.519999384880066,3.4108992180583817,94.5123912689794,31.727333976982546
11:27:44.544242,18,-0.2332127467994811,2.955078061213,1.7892291094667536,-0.06972000186215155,11.879999734461308,3.462400228063667,94.5123912689794,31.11515246849332
11:27:44.544242,19,-0.18326789925057618,2.7124603687987467,2.023955990168114,-0.06972000186215155,38.239999145269394,3.3893105826018575,93.86532554467723,36.66666784304313
11:27:44.544242,20,-0.189456987064507,2.7741860040388215,1.9132659221361068,-0.06972000186215155,47.999998927116394,3.375290865060339,93.90682423515828,34.530492671974194
11:27:44.544242,21,-0.1950380430633378,2.833222200909046,1.8260446794133711,-0.06972000186215155,41.999999061226845,3.3763333735251555,93.93800901335185,32.74060835588308
11:27:44.544242,22,-0.19976792033301718,2.8942500833481595,1.793161206147747,-0.06972000186215155,33.99999924004078,3.4105744205614763,93.94842664763775,31.719767747149945
11:27:44.544242,23,-0.17499123084017232,2.9590211402056656,1.7881725646349766,-0.06972000186215155,13.239999704062939,3.4617898780787124,93.38442836200673,31.1008256495165
11:27:44.544242,24,-0.15164428704514066,2.6480203311204957,2.1291249629342217,-0.06972000186215155,13.759999692440033,3.4012028418797047,93.27757988677826,38.75501729014055
11:27:44.544242,25,-0.15712081958853955,2.7141043337342525,2.0235154910912603,-0.06972000186215155,39.639999113976955,3.3890506383100165,93.31318267180212,36.66065549200575
11:27:44.544242,26,-0.16242690185284636,2.775885486844017,1.9128105470909043,-0.06972000186215155,51.99999883770943,3.3750210256499087,93.34876081891161,34.52426102630849
11:27:44.544242,27,-0.1393686379576247,2.8364524290086472,1.8251791424027146,-0.06972000186215155,49.359998896718025,3.375820626327342,92.81295673814536,32.728739862817804
11:27:44.544242,28,-0.14274847371904012,2.8975586478698467,1.7922746789560549,-0.06972000186215155,40.3599990978837,3.4100545112096787,92.82040118512772,31.7076567973613
11:27:44.544242,29,-0.14612597490195411,2.958284078197607,1.7581293453727622,-0.06972000186215155,14.359999679028988,3.444389101556235,92.82785630009158,30.69266595969157
11:27:44.544242,30,-0.13095802797618,2.715495659291904,2.023142686531679,-0.06972000186215155,38.1199991479516,3.3888306258636183,92.76101836819511,36.655566942536595
11:27:44.544242,31,-0.10856891389738767,2.77747247562905,1.884310012215729,-0.06972000186215155,50.99999886006117,3.358089454448506,92.23850110728996,34.13367735221436
11:27:44.544242,32,-0.1117321041111654,2.8357606494406995,1.796466691863896,-0.06972000186215155,52.879998818039894,3.3587669015550716,92.25634990670568,32.33434935733538
11:27:44.544242,33,-0.11421591241800354,2.898799700869264,1.7919421398070967,-0.06972000186215155,43.99999901652336,3.409859471125701,92.25634990670568,31.703113609567872
11:27:44.544242,34,-0.11691831875026791,2.9595544951395194,1.7577889381791258,-0.06972000186215155,14.759999670088291,3.444191436918805,92.26231499849503,30.68803259406607
11:27:44.544242,35,-0.07859577523901864,2.7175198610257265,2.0226003033117834,-0.06972000186215155,34.23999923467636,3.3885105102259345,91.65663967969007,36.648163491781546
11:27:44.544242,36,-0.0814361865485948,2.77839013742397,1.8840641254788553,-0.06972000186215155,45.2399989888072,3.3579430068318263,91.67889103387274,34.13030269188801
11:27:44.544242,37,-0.08380885602727595,2.8367050476070634,1.7962136411378855,-0.06972000186215155,50.639998868107796,3.358616217443996,91.69227933034672,32.330867543182194
11:27:44.544242,38,-0.08567192962141536,2.899765093037569,1.79168346375522,-0.06972000186215155,43.119999036192894,3.4097077453380282,91.69227933034672,31.699579422380385
11:27:44.544242,39,-0.08769897086466096,2.960542728975448,1.7575241417208556,-0.06972000186215155,14.51999967545271,3.4440376694095174,91.69675373256577,30.684428248121655
11:27:44.544242,40,-0.05240155029562143,2.718152534783418,2.022430778889338,-0.06972000186215155,29.23999934643507,3.3884104503766714,91.10443242792269,36.64584944558655
11:27:44.544242,41,-0.054527270490868876,2.7761626535450294,1.828324628877688,-0.06972000186215155,37.63999915868044,3.3245786576235643,91.1252153433052,33.36301736097764
11:27:44.544242,42,-0.05587722712799888,2.8373796851904376,1.7960328725422368,-0.06972000186215155,43.87999901920557,3.358508571031972,91.12819427078745,32.328380219737454
11:27:44.544242,43,-0.05711937970364106,2.900454727836354,1.7914986766678132,-0.06972000186215155,37.99999915063381,3.4095993548023373,91.12819427078745,31.697054683241106
11:27:44.544242,44,-0.05867194345147583,2.955798392241551,1.6981517452390884,-0.06972000186215155,13.519999697804451,3.4093849712792297,91.1371591973554,29.873157215610668
11:27:44.544242,45,-0.026407811754700368,2.717976620278672,1.9407717655054384,-0.06972000186215155,24.35999945551157,3.3398636688772556,90.55666724288233,35.52746293673866
11:27:44.544242,46,-0.02731890320989494,2.7747004531525388,1.8004610112838861,-0.06972000186215155,30.119999326765537,3.3077739917278035,90.56409955111795,32.97765929416892
11:27:44.544242,47,-0.027940010552822997,2.8377844947276283,1.7959244041536582,-0.06972000186215155,35.63999920338392,3.3584439772223242,90.56409955111795,32.32688770031733
11:27:44.544242,48,-0.0286146176294025,2.898636771988498,1.7623887180050501,-0.06972000186215155,31.359999299049377,3.392481086994806,90.56559124081664,31.298615547847465
11:27:44.544242,49,-0.029337438585377722,2.956223448449517,1.6980378517714259,-0.06972000186215155,12.11999972909689,3.4093181588866157,90.56858226847363,29.87159483924187
11:27:44.544242,50,0.0,2.7173756430064113,1.9135599661037834,-0.06972000186215155,20.119999550282955,3.323528566009268,90.0,35.152981624765
11:27:44.544242,51,0.0,2.774832394419884,1.8004256577278528,-0.06972000186215155,23.999999463558197,3.3077526156178543,90.0,32.97716954880573
11:27:44.544242,52,0.0,2.837919435738021,1.7958882468188975,-0.06972000186215155,27.99999937415123,3.3584224449586237,90.0,32.326390172949814
11:27:44.544242,53,0.0,2.8987749711279585,1.7623516876572372,-0.06972000186215155,24.999999441206455,3.3924592560893356,90.0,31.298107785705046
11:27:44.544242,54,0.02731890320989494,2.7747004531525388,1.8004610112838861,0.06972000186215155,19.119999572634697,3.3077739917278035,89.43590044888207,32.97765929416892
11:27:44.544242,55,0.027940010552822997,2.8377844947276283,1.7959244041536582,-0.06972000186215155,21.99999950826168,3.3584439772223242,89.43590044888207,32.32688770031733
11:27:44.544242,56,0.0286146176294025,2.898636771988498,1.7623887180050501,-0.06972000186215155,19.63999956101179,3.392481086994806,89.43440875918336,31.298615547847465
11:27:44.544242,57,0.055981894486588996,2.8351956958969935,1.7676646282135957,0.06972000186215155,17.519999608397484,3.3415725107171705,88.86882251654778,31.937363549350867
11:27:44.544242,58,0.057226373821015405,2.898222188389915,1.762499805345486,-0.06972000186215155,15.639999650418758,3.3925465766853082,88.86882251654778,31.300138769360338
11:27:44.601845,1,-0.3396741467578109,2.6973021245547586,2.0280176294719645,-0.06972000186215155,19.119999572634697,3.3917064705767728,97.17753606938541,36.72209549373762
11:27:44.601845,2,-0.34757645104560175,2.7600531532915262,2.028669441909335,-0.06972000186215155,17.879999600350857,3.4429932475758194,97.17753606938541,36.10144918222852
11:27:44.601845,3,-0.3136761739219546,2.700457590521615,2.0271721249144017,-0.06972000186215155,23.759999468922615,3.3912078621520814,96.62559535085997,36.710558618025885
11:27:44.601845,4,-0.32349378674065465,2.7625683461146324,1.9443885065746114,-0.06972000186215155,22.359999500215054,3.393682183339181,96.67885789802492,34.9557484715571
11:27:44.601845,5,-0.3316416468770047,2.824568124606727,1.9146943200096473,-0.06972000186215155,17.639999605715275,3.4284436135898257,96.696621544488,33.95028392622962
11:27:44.601845,6,-0.28764683373150435,2.7033617817735065,2.0263939492137917,-0.06972000186215155,29.519999340176582,3.390748893905247,96.07361228932479,36.69993979071749
11:27:44.601845,7,-0.2966497656622015,2.76556343437316,1.943585975094479,-0.06972000186215155,28.639999359846115,3.3932091941985045,96.12245517185262,34.94479842479459
11:27:44.601845,8,-0.3041215036032903,2.827638650358111,1.913871575114225,-0.06972000186215155,21.99999950826168,3.4279636275758776,96.13874499975636,33.93910817884721
11:27:44.601845,9,-0.3108821345154802,2.8904971494830214,1.9119569374289513,-0.06972000186215155,15.87999964505434,3.479540314942919,96.13874499975636,33.331723035237
11:27:44.601845,10,-0.26158872909867176,2.70601440789374,2.025683180187053,-0.06972000186215155,36.23999918997288,3.3903296278404405,95.521590312376,36.690240234712824
11:27:44.601845,11,-0.2697760798557156,2.768299083873447,1.9428529600201023,-0.06972000186215155,37.239999167621136,3.3927771184231594,95.56600861476821,34.93479617648245
11:27:44.601845,12,-0.2765709484340089,2.8304432028495032,1.913120097539026,-0.06972000186215155,28.11999937146902,3.4275251598904966,95.58082293581647,33.92889969802622
11:27:44.601845,13,-0.2827191296091081,2.8933640472674744,1.9111887544828245,-0.06972000186215155,19.879999555647373,3.4790987441474783,95.58082293581647,33.32136463197412
11:27:44.601845,14,-0.23614445756415758,2.7084743824989133,1.9978600996877323,-0.06972000186215155,43.239999033510685,3.373876503877315,94.98286152550992,36.310130729413345
11:27:44.601845,15,-0.2434576197765534,2.7700042307456667,1.9143864249129376,-0.06972000186215155,48.75999891012907,3.375954744197128,95.02285940073932,34.54582517097176
11:27:44.601845,16,-0.24899273640159544,2.832981501628004,1.9124399624311776,-0.06972000186215155,36.35999918729067,3.4271282703235637,95.02285940073932,33.919659719027244
11:27:44.601845,17,-0.2545278530266375,2.895958772510342,1.9104934999494174,-0.06972000186215155,25.119999438524246,3.4786990461083196,95.02285940073932,33.31198893432207
11:27:44.601845,18,-0.2600629696516796,2.95893604339268,1.9085470374676574,-0.06972000186215155,11.239999748766422,3.530649664197646,95.02285940073932,32.72213616858847
11:27:44.601845,19,-0.20452517153821728,2.6475043726499967,2.023894996968121,-0.06972000186215155,11.359999746084213,3.3387513995124256,94.41744345152517,37.31403197704593
11:27:44.601845,20,-0.2099656951175431,2.7106289469947136,1.9972827858710416,-0.06972000186215155,48.51999891549349,3.3735342607047363,94.42929448020163,36.30223478158771
11:27:44.601845,21,-0.21646812673618845,2.772225519990451,1.913791232253642,-0.06972000186215155,62.35999860614538,3.3756021187678376,94.46485846824099,34.537681008887986
11:27:44.601845,22,-0.22138962530414816,2.835253292865863,1.9118312378036213,-0.06972000186215155,47.35999894142151,3.426773013016876,94.46485846824099,33.91138936053904
11:27:44.601845,23,-0.22631112387210786,2.898281065741275,1.909871243353601,-0.06972000186215155,31.999999284744263,3.4783412752361818,94.46485846824099,33.303597083286256
11:27:44.601845,24,-0.23123262244006756,2.961308838616687,1.90791124890358,-0.06972000186215155,13.239999704062939,3.5302894919599215,94.46485846824099,32.7136273596522
11:27:44.601845,25,-0.18470683304616406,2.7118571518331707,1.9424114721335182,-0.06972000186215155,49.51999889314175,3.340845424918453,93.89644504339522,35.54999779326378
11:27:44.601845,26,-0.189456987064507,2.7741860040388215,1.9132659221361068,-0.06972000186215155,73.99999834597111,3.375290865060339,93.90682423515828,34.530492671974194
11:27:44.601845,27,-0.1937643754296508,2.8372583493858583,1.9112939845283097,-0.06972000186215155,59.99999865889549,3.4264594364503296,93.90682423515828,33.9040896243583
11:27:44.601845,28,-0.19852562442659605,2.899245280258206,1.8802609715096645,-0.06972000186215155,40.23999910056591,3.461273889716894,93.91720990305804,32.903655894931724
11:27:44.601845,29,-0.20370944713943384,2.959187444179407,1.818310614549402,-0.06972000186215155,15.519999653100967,3.4791581394966697,93.93800901335185,31.50879777102261
11:27:44.601845,30,-0.15835445874859394,2.713514024412154,1.941967514464018,-0.06972000186215155,45.87999897450209,3.340579638703523,93.33986236403669,35.543896716870805
11:27:44.601845,31,-0.16242690185284636,2.775885486844017,1.9128105470909043,-0.06972000186215155,77.11999827623367,3.3750210256499087,93.34876081891161,34.52426102630849
11:27:44.601845,32,-0.1665003952282554,2.8379386430112317,1.8823980934734637,-0.06972000186215155,70.63999842107296,3.4095513935736657,93.35766485544276,33.51089439015233
11:27:44.601845,33,-0.1702017044271614,2.9010261113076763,1.8797837992681026,-0.06972000186215155,48.51999891549349,3.4609981581430627,93.35766485544276,32.89720080563307
11:27:44.601845,34,-0.14585276835982722,2.960570710609324,1.7877573584967013,-0.06972000186215155,17.519999608397484,3.461549990309995,92.82040118512772,31.09519492927648
11:27:44.601845,35,-0.10560484101270738,2.7160637603942135,1.9412843147667127,-0.06972000186215155,39.11999912559986,3.3401705830288577,92.22662863376628,35.53450737958548
11:27:44.601845,36,-0.10832070837733057,2.7785007950543537,1.912109777367986,-0.06972000186215155,69.2399984523654,3.374605731739234,92.23256299422651,34.51467069793744
11:27:44.601845,37,-0.1110372761561978,2.8406195403607315,1.8816797491936745,-0.06972000186215155,73.23999836295843,3.409129995805524,92.23850110728996,33.50110481282896
11:27:44.601845,38,-0.1139905454839217,2.9007454629155607,1.8209609860607676,-0.06972000186215155,53.63999880105257,3.426837754817163,92.25039336471583,32.09890007647673
11:27:44.601845,39,-0.11669972072484168,2.9618387522978296,1.7874175877502974,-0.06972000186215155,18.759999580681324,3.461353673410088,92.25634990670568,31.09058699947634
11:27:44.601845,40,-0.07940275577161067,2.7162250991528722,1.9138682534001958,-0.06972000186215155,31.75999929010868,3.3237140788980737,91.67443690056464,35.15722961591238
11:27:44.601845,41,-0.0814361865485948,2.77839013742397,1.8840641254788553,-0.06972000186215155,55.519998759031296,3.3579430068318263,91.67889103387274,34.13030269188801
11:27:44.601845,42,-0.08328767425499257,2.8415580656022827,1.8814282721131246,-0.06972000186215155,65.75999853014946,3.408982461084065,91.67889103387274,33.49767751633863
11:27:44.601845,43,-0.08550288469845409,2.9017089502050397,1.8207028204196338,-0.06972000186215155,52.63999882340431,3.4266870786921584,91.68781134947336,32.095384875252314
11:27:44.601845,44,-0.08753500321555478,2.9628251384680753,1.7871532863725548,-0.06972000186215155,18.999999575316906,3.461200954425868,91.69227933034672,31.087002446072702
11:27:44.601845,45,-0.052939582153410325,2.7168642688755744,1.9136969883891712,-0.06972000186215155,25.359999433159828,3.323611020895973,91.1162982481517,35.15486971514174
11:27:44.601845,46,-0.054295315649374364,2.7790456756892152,1.883888474530075,-0.06972000186215155,42.119999058544636,3.3578383870185955,91.11926793160009,34.12789192663966
11:27:44.601845,47,-0.055766972093509955,2.8392799388925214,1.8244215134127397,-0.06972000186215155,52.879998818039894,3.375371740294279,91.1252153433052,32.718350070534605
11:27:44.601845,48,-0.05711937970364106,2.900454727836354,1.7914986766678132,-0.06972000186215155,45.87999897450209,3.4095993548023373,91.12819427078745,31.697054683241106
11:27:44.601845,49,-0.05836153227928324,2.963529770482271,1.7869644807933898,-0.06972000186215155,17.999999597668648,3.4610918544011335,91.12819427078745,31.084441724997628
11:27:44.601845,50,-0.02647111462134747,2.7172477962775607,1.9135942225315339,-0.06972000186215155,20.119999550282955,3.323549180438078,90.55815121892599,35.15345366150694
11:27:44.601845,51,-0.027149015264077654,2.779439024871509,1.883783076934336,-0.06972000186215155,31.63999929279089,3.3577756093808127,90.55963613903259,34.12644535003893
11:27:44.601845,52,-0.02788488027908794,2.839683949673371,1.8243132590502775,-0.06972000186215155,40.51999909430742,3.375307596016603,90.56261000529642,32.716865443965084
11:27:44.601845,53,-0.028561117895751054,2.900868536302717,1.7913877970234302,-0.06972000186215155,36.999999172985554,3.409534314490907,90.56409955111795,31.695539711850007
11:27:44.601845,54,-0.029182225238679114,2.9639525778778064,1.7868511898932022,-0.06972000186215155,16.239999637007713,3.4610263883711037,90.56409955111795,31.082905162017717
11:27:44.601845,55,0.0,2.7173756430064113,1.9135599661037834,-0.06972000186215155,16.119999639689922,3.323528566009268,90.0,35.152981624765
11:27:44.601845,56,0.0,2.776689364078433,1.8281834972156175,0.06972000186215155,23.999999463558197,3.3244937545553936,90.0,33.361068612418705
11:27:44.601845,57,0.0,2.837919435738021,1.7958882468188975,-0.06972000186215155,30.51999931782484,3.3584224449586237,90.0,32.326390172949814
11:27:44.601845,58,0.0,2.901006477056158,1.7913508359099424,-0.06972000186215155,28.759999357163906,3.4095126333886827,90.0,31.695034700066408
11:27:44.601845,59,0.0,2.964093518374295,1.7868134250009873,-0.06972000186215155,13.999999687075615,3.4610045653584836,90.0,31.08239295263325
11:27:44.601845,60,0.02731890320989494,2.7747004531525388,1.8004610112838861,0.06972000186215155,18.639999583363533,3.3077739917278035,89.43590044888207,32.97765929416892
11:27:44.601845,61,0.027940010552822997,2.8377844947276283,1.7959244041536582,-0.06972000186215155,23.23999948054552,3.3584439772223242,89.43590044888207,32.32688770031733
11:27:44.601845,62,0.028561117895751054,2.900868536302717,1.7913877970234302,-0.06972000186215155,22.239999502897263,3.409534314490907,89.43590044888207,31.695539711850007
11:27:44.601845,63,0.029236888409894062,2.961672280267086,1.7572214793644518,-0.06972000186215155,11.879999734461308,3.443861904735166,89.43440875918336,30.680308334242817
11:27:44.601845,64,0.05463507455235669,2.7743046425445206,1.8005670684166604,0.06972000186215155,14.759999670088291,3.3078381170912805,88.87180572921255,32.9791284689194
11:27:44.601845,65,0.05587722712799888,2.8373796851904376,1.7960328725422368,-0.06972000186215155,18.11999959498644,3.358508571031972,88.87180572921255,32.328380219737454
11:27:44.601845,66,0.05711937970364106,2.900454727836354,1.7914986766678132,-0.06972000186215155,17.23999961465597,3.4095993548023373,88.87180572921255,31.697054683241106
11:27:44.601845,67,0.08567192962141536,2.899765093037569,1.79168346375522,-0.06972000186215155,13.759999692440033,3.4097077453380282,88.30772066965328,31.699579422380385
11:27:44.653902,1,-0.3136761739219546,2.700457590521615,2.0271721249144017,-0.06972000186215155,25.999999418854713,3.3912078621520814,96.62559535085997,36.710558618025885
11:27:44.653902,2,-0.32097365180721943,2.7632820291792677,2.0278042672227548,-0.06972000186215155,26.6399994045496,3.4424906396541397,96.62559535085995,36.08972845754704
11:27:44.653902,3,-0.28842852422073634,2.703407227797099,1.999217839698007,-0.06972000186215155,31.63999929279089,3.37468126249821,96.08989207189181,36.328699148875515
11:27:44.653902,4,-0.2943387554725683,2.7662537846046513,2.0270079877564204,-0.06972000186215155,34.35999923199415,3.442027990333755,96.07361228932479,36.0789403792829
11:27:44.653902,5,-0.3010306772136323,2.8291457874357957,2.027622026299049,-0.06972000186215155,26.99999939650297,3.49369953440797,96.07361228932479,35.47624096202359
11:27:44.653902,6,-0.2636426014046466,2.7053605802591423,1.94415222324035,0.06972000186215155,37.63999915868044,3.3418873645929312,95.56600861476821,35.5739176347778
11:27:44.653902,7,-0.2684018402693407,2.7690220020005962,1.9984703621381026,-0.06972000186215155,44.87999899685383,3.425405988166623,95.53639526388615,35.69186042003736
11:27:44.653902,8,-0.27590955830678465,2.8312375874877516,1.941553696799855,-0.06972000186215155,34.879999220371246,3.444076526258627,95.56600861476821,34.314638836768815
11:27:44.653902,9,-0.2827191296091081,2.8933640472674744,1.9111887544828245,-0.06972000186215155,24.119999460875988,3.4790987441474783,95.58082293581647,33.32136463197412
11:27:44.653902,10,-0.2323873865264693,2.6440496889809912,1.918279349876458,-0.06972000186215155,9.359999790787697,3.2748737867862214,95.02285940073932,35.85646729245964
11:27:44.653902,11,-0.23735353668731873,2.7077802259120762,1.9435038811416767,-0.06972000186215155,43.239999033510685,3.3414993325199385,95.00952212295954,35.56500914224247
11:27:44.653902,12,-0.24287541666726278,2.770775021052836,1.942189534652375,0.06972000186215155,58.87999868392944,3.3923860148610516,95.00952212295954,34.92574291891016
11:27:44.653902,13,-0.24839729664720683,2.8337698161935947,1.9408751881630735,-0.06972000186215155,45.99999897181988,3.443682488874165,95.00952212295954,34.305446165581465
11:27:44.653902,14,-0.2545278530266375,2.895958772510342,1.9104934999494174,-0.06972000186215155,30.23999932408333,3.4786990461083196,95.02285940073932,33.31198893432207
11:27:44.653902,15,-0.21104073681517713,2.709945821956016,1.942923611430571,-0.06972000186215155,46.879998952150345,3.3411520034842432,94.45299961780539,35.55703554663035
11:27:44.653902,16,-0.21595046614062446,2.772990998319682,1.9415957653332778,-0.06972000186215155,75.51999831199646,3.3920359368008555,94.45299961780539,34.917639731827016
11:27:44.653902,17,-0.2208601954660718,2.836036174683349,1.9402679192359844,-0.06972000186215155,61.11999863386154,3.4433297850293414,94.45299961780539,34.29721817816699
11:27:44.653902,18,-0.22631112387210786,2.898281065741275,1.909871243353601,-0.06972000186215155,37.99999915063381,3.4783412752361818,94.46485846824099,33.303597083286256
11:27:44.653902,19,-0.18470683304616406,2.7118571518331707,1.9424114721335182,-0.06972000186215155,46.999998949468136,3.340845424918453,93.89644504339522,35.54999779326378
11:27:44.653902,20,-0.18900392074829547,2.774946794078117,1.9410717114392448,-0.06972000186215155,89.75999799370766,3.3917269319584564,93.89644504339522,34.910487582140156
11:27:44.653902,21,-0.1937643754296508,2.8372583493858583,1.9112939845283097,-0.06972000186215155,79.23999822884798,3.4264594364503296,93.90682423515828,33.9040896243583
11:27:44.653902,22,-0.1980717637947946,2.9003306947328946,1.9093220469205128,-0.06972000186215155,46.999998949468136,3.4780254802515915,93.90682423515828,33.29619010065456
11:27:44.653902,23,-0.15873405442574626,2.7127745030040153,1.9147928378516879,-0.06972000186215155,43.63999902456999,3.324270388532082,93.34876081891161,35.169969007213204
11:27:44.653902,24,-0.16242690185284636,2.775885486844017,1.9128105470909043,-0.06972000186215155,94.11999789625406,3.3750210256499087,93.34876081891161,34.52426102630849
11:27:44.653902,25,-0.1661197492799465,2.8389964706840183,1.9108282563301204,-0.06972000186215155,95.3599978685379,3.4261875834295403,93.34876081891161,33.897761395102435
11:27:44.653902,26,-0.16981259670704663,2.90210745452402,1.9088459655693368,-0.06972000186215155,55.87999875098467,3.4777517041724835,93.34876081891161,33.289768888702305
11:27:44.653902,27,-0.10585798918075755,2.7153303510258895,1.91410800043825,-0.06972000186215155,38.1199991479516,3.323858340305358,92.23256299422651,35.16053308094392
11:27:44.653902,28,-0.10832070837733057,2.7785007950543537,1.912109777367986,-0.06972000186215155,85.23999809473753,3.374605731739234,92.23256299422651,34.51467069793744
11:27:44.653902,29,-0.11078342757390358,2.8416712390828183,1.9101115542977218,-0.06972000186215155,100.2399977594614,3.425769190812067,92.23256299422651,33.888022408447775
11:27:44.653902,30,-0.11324614677047662,2.9048416831112824,1.9081133312274576,-0.06972000186215155,61.639998622238636,3.477330352225266,92.23256299422651,33.279886786842745
11:27:44.653902,31,-0.07940275577161067,2.7162250991528722,1.9138682534001958,-0.06972000186215155,31.999999284744263,3.3237140788980737,91.67443690056464,35.15722961591238
11:27:44.653902,32,-0.08125001068749274,2.7794163589308654,1.9118644527666555,-0.06972000186215155,69.2399984523654,3.374460334080395,91.67443690056464,34.511313171682076
11:27:44.653902,33,-0.08309726560337481,2.842607618708858,1.9098606521331154,-0.06972000186215155,90.11999798566103,3.425622708363945,91.67443690056464,33.88461283226848
11:27:44.653902,34,-0.08513916196139035,2.9047259937805956,1.8787924187473939,-0.06972000186215155,61.359998628497124,3.4604252236664266,91.67889103387274,32.883788578418056
11:27:44.653902,35,-0.08736228213946397,2.964811267929113,1.8168037155172931,-0.06972000186215155,12.359999723732471,3.478291788147954,91.68781134947336,31.48843327114002
11:27:44.653902,36,-0.052939582153410325,2.7168642688755744,1.9136969883891712,-0.06972000186215155,26.359999410808086,3.323611020895973,91.1162982481517,35.15486971514174
11:27:44.653902,37,-0.05417118806465748,2.7800703985330935,1.9116892033834205,-0.06972000186215155,53.35999880731106,3.374356464386806,91.1162982481517,34.50891464924455
11:27:44.653902,38,-0.05540279397590464,2.8432765281906125,1.9096814183776696,-0.06972000186215155,72.11999838799238,3.425518063744074,91.1162982481517,33.882177125112875
11:27:44.653902,39,-0.0567641716629063,2.905411339950425,1.8786087807946523,-0.06972000186215155,55.359998762607574,3.46031908597688,91.11926793160009,32.88130401697517
11:27:44.653902,40,-0.02647111462134747,2.7172477962775607,1.9135942225315339,-0.06972000186215155,21.639999516308308,3.323549180438078,90.55815121892599,35.15345366150694
11:27:44.653902,41,-0.027086948368400428,2.780462848457627,1.911584046743072,-0.06972000186215155,40.51999909430742,3.3742941368807244,90.55815121892599,34.507475420006266
11:27:44.653902,42,-0.027702782115453385,2.8436779006376938,1.9095738709546102,-0.06972000186215155,54.75999877601862,3.425455271251504,90.55815121892599,33.88071558256286
11:27:44.653902,43,-0.02838350499481303,2.905822575067859,1.8784985906770366,-0.06972000186215155,46.35999896377325,3.460255397554551,90.55963613903259,32.87981315771801
11:27:44.653902,44,0.0,2.780593669459802,1.9115489933611862,-0.06972000186215155,31.119999304413795,3.374273360096969,90.0,34.50699565762921
11:27:44.653902,45,0.0,2.842764901822997,1.8811049013223877,-0.06972000186215155,41.11999908089638,3.408792738905641,90.0,33.49327027246327
11:27:44.653902,46,0.0,2.9029478847671175,1.8203708489042503,0.06972000186215155,37.35999916493893,3.42649331667439,90.0,32.090864574698635
11:27:44.653902,47,0.027086948368400428,2.780462848457627,1.911584046743072,-0.06972000186215155,24.23999945819378,3.3742941368807244,89.44184878107401,34.507475420006266
11:27:44.653902,48,0.02776626012944534,2.8426307999696845,1.8811408338056863,-0.06972000186215155,31.239999301731586,3.4088138210745713,89.44036386096742,33.49376000622285
11:27:44.653902,49,0.028561117895751054,2.900868536302717,1.7913877970234302,0.06972000186215155,29.639999337494373,3.409534314490907,89.43590044888207,31.695539711850007
11:27:44.653902,50,0.05587722712799888,2.8373796851904376,1.7960328725422368,0.06972000186215155,24.23999945819378,3.358508571031972,88.87180572921255,32.328380219737454
11:27:44.653902,51,0.05711937970364106,2.900454727836354,1.7914986766678132,0.06972000186215155,23.639999471604824,3.4095993548023373,88.87180572921255,31.697054683241106
11:27:44.653902,52,0.1286500670921363,0.011178616816609276,1.782438043666212,1.669920044601895,5.639999873936176,1.7871097282330979,4.966051819363743,85.85625111085194
11:27:44.705613,1,-0.3099536952087808,2.6976073830269303,2.1358137641386445,-0.06972000186215155,20.239999547600746,3.454686284052297,96.55451233989521,38.18748123090655
11:27:44.705613,2,-0.3161327655035311,2.7589460475347023,2.1667378678737412,-0.06972000186215155,21.87999951094389,3.522282811858002,96.53670602548065,37.962935825613414
11:27:44.705613,3,-0.28423325213208145,2.700477109467615,2.1350448232563646,-0.06972000186215155,24.35999945551157,3.4542410972151245,96.00842896504761,38.17706302876436
11:27:44.705613,4,-0.2908457590552462,2.7633020022212067,2.13818655569626,-0.06972000186215155,26.75999940186739,3.5060335078262423,96.00842896504761,37.57931806783654
11:27:44.705613,5,-0.2584843859682997,2.703098256167072,2.1343424891150016,-0.06972000186215155,28.999999351799488,3.4538344229456768,95.46231289694451,38.167546874764305
11:27:44.705613,6,-0.26449786179818285,2.7659841282415796,2.1374678821951023,-0.06972000186215155,32.119999282062054,3.505623520002648,95.46231289694451,37.56965394037114
11:27:44.705613,7,-0.23270967158247954,2.7054705610128265,2.1337068319473813,-0.06972000186215155,33.359999254345894,3.4534663155232908,94.91616702921694,38.15893382607954
11:27:44.705613,8,-0.2381235149765363,2.7684116232598375,2.1368174368653294,-0.06972000186215155,37.35999916493893,3.5052524135469425,94.91616702921694,37.560906940943056
11:27:44.705613,9,-0.2020980168460389,2.64460332902425,2.130040545886446,-0.06972000186215155,12.11999972909689,3.4017411870128327,94.36999427785729,38.76751485949263
11:27:44.705613,10,-0.20691168642446553,2.707593786776382,2.1331379153186876,-0.06972000186215155,36.63999918103218,3.453136824097655,94.36999427785729,38.15122484000092
11:27:44.705613,11,-0.21172535600289216,2.7705842445285125,2.1362352847509296,-0.06972000186215155,40.99999908357859,3.504920237925403,94.36999427785729,37.55307804779963
11:27:44.705613,12,-0.1827515355874431,2.7121189532773102,2.0511363293452667,-0.06972000186215155,37.35999916493893,3.405311671792401,93.85495148815846,37.03726961520097
11:27:44.705613,13,-0.18530602467103136,2.7725017747872984,2.1357214840666257,-0.06972000186215155,41.63999906927347,3.5046270374294965,93.82379757901428,37.54616813688178
11:27:44.705613,14,-0.15667812622931526,2.713758286284586,2.0506970713898416,-0.06972000186215155,35.35999920964241,3.4050536780238656,93.30428873550747,37.03128619778615
11:27:44.705613,15,-0.15886816289195305,2.7741640222847748,2.135276086192056,-0.06972000186215155,38.99999912828207,3.5043728511651797,93.27757988677826,37.54017798160243
11:27:44.705613,16,-0.16443145266548675,2.840388176756738,2.0246096371595064,-0.06972000186215155,23.639999471604824,3.4919746391066897,93.31318267180212,35.43572661395334
11:27:44.705613,17,-0.13058904918982958,2.715145691734218,2.0503253172200377,-0.06972000186215155,31.5199992954731,3.4048353166555114,92.75360542299005,37.026222146968585
11:27:44.705613,18,-0.13362712086293552,2.778311839781,2.0514961039103063,-0.06972000186215155,33.99999924004078,3.456227589563015,92.75360542299005,36.41040939057019
11:27:44.705613,19,-0.13705133943879583,2.84184423893344,2.02421948647513,-0.06972000186215155,22.519999496638775,3.4917511763335587,92.76101836819511,35.43047867549908
11:27:44.705613,20,-0.07859577523901864,2.7175198610257265,2.0226003033117834,-0.06972000186215155,26.75999940186739,3.3885105102259345,91.65663967969007,36.648163491781546
11:27:44.705613,21,-0.08019765813128132,2.780377297347188,2.050942666223446,-0.06972000186215155,28.519999362528324,3.455907319374918,91.65219074997842,36.40292479687113
11:27:44.705613,22,-0.08225273728692149,2.843962624214601,2.023651866849785,-0.06972000186215155,20.63999953866005,3.4914260408786277,91.65663967969007,35.422843301773234
11:27:44.705613,23,-0.08567192962141536,2.899765093037569,1.79168346375522,0.06972000186215155,15.87999964505434,3.4097077453380282,91.69227933034672,31.699579422380385
11:27:44.705613,24,-0.05240155029562143,2.718152534783418,2.022430778889338,-0.06972000186215155,22.239999502897263,3.3884104503766714,91.10443242792269,36.64584944558655
11:27:44.705613,25,-0.053620639235832206,2.781388635132862,2.0229526167798206,-0.06972000186215155,23.23999948054552,3.4396707985408472,91.10443242792269,36.02398742775507
11:27:44.705613,26,-0.05540279397590464,2.8432765281906125,1.9096814183776696,-0.06972000186215155,18.23999959230423,3.425518063744074,91.1162982481517,33.882177125112875
11:27:44.705613,27,-0.05876369276249014,2.9526297382239983,1.6686039245909545,-0.06972000186215155,6.8799998462200165,3.3920074586875746,91.14015892549759,29.467003657213876
11:27:44.705613,28,-0.026202085241096705,2.718532164346543,2.0223290574544754,-0.06972000186215155,18.35999958962202,3.3883504090460286,90.55221800688237,36.64446091091317
11:27:44.705613,29,-0.026811660189694175,2.7817770965377773,2.022848528860083,-0.06972000186215155,18.999999575316906,3.4396102759841374,90.55221800688237,36.0225767389867
11:27:44.705613,30,0.0,2.781906587989095,2.0228138317302755,-0.06972000186215155,15.519999653100967,3.4395901008894136,90.0,36.02210649116932
11:27:44.758717,1,-0.2549665229792565,2.6958577240540325,2.242786878728175,-0.06972000186215155,19.63999956101179,3.5160702182375694,95.40280035550386,39.632986646923015
11:27:44.758717,2,-0.22954259153706125,2.6981977428358364,2.242159872585317,-0.06972000186215155,22.759999491274357,3.5157135484856776,94.86259049959425,39.624533387436216
11:27:44.758717,3,-0.2040957060280233,2.7002920723962305,2.241598698670925,-0.06972000186215155,25.75999942421913,3.5153942964265315,94.32235856776259,39.61696750939043
11:27:44.758717,4,-0.17862841111937405,2.7021405033040127,2.2411034131019196,-0.06972000186215155,27.87999937683344,3.5151125041842075,93.78210696510548,39.61028982379871
11:27:44.758717,5,-0.17922097565567258,2.7494136430392535,2.384875559850188,-0.06972000186215155,17.999999597668648,3.644039924948147,93.72955825313598,40.87865854610034
11:27:44.758717,6,-0.15115095465140202,2.6466225611842455,2.1556384509438717,-0.06972000186215155,12.11999972909689,3.4167579258193257,93.26866196829896,39.11668115050896
11:27:44.758717,7,-0.15475114214215752,2.7096611139972384,2.159345523819865,-0.06972000186215155,28.759999357163906,3.468282624000522,93.26866196829896,38.50609703974875
11:27:44.758717,8,-0.12898293462998633,2.711031455748905,2.158978341854151,-0.06972000186215155,27.99999937415123,3.468070880486887,92.72391131736184,38.501128509508796
11:27:44.758717,9,-0.10320182893241416,2.7121528313666317,2.158677870162969,-0.06972000186215155,25.999999418854713,3.467897597293837,92.17914631038786,38.497062600714536
11:27:44.758717,10,-0.08671463297134138,2.873797580252952,1.5605217937619822,-0.06972000186215155,9.359999790787697,3.2713086416058625,91.72833169275327,28.4917935906166
11:27:44.758717,11,-0.05161123636894914,2.713648260561392,2.1582771711178954,-0.06972000186215155,23.11999948322773,3.467666499122438,91.08958466883776,38.49164034194737
11:27:44.758717,12,0.1315987124187803,0.05676191119932469,1.7915081046964942,-4.313960115221562,5.359999880194664,1.7972316002303392,23.331779746438272,85.42615330602902
11:27:44.812395,1,-0.1263934139173363,2.6493631612609594,2.1287651526825124,-0.06972000186215155,11.999999731779099,3.4009912570607623,92.73134417095756,38.750105765956604
11:27:44.812395,2,-0.12764278172211344,2.705098954403717,2.240310698518907,-0.06972000186215155,26.359999410808086,3.5146614429757124,92.70155444980202,39.59960179905442
11:27:44.812395,3,-0.12579852875784914,2.7349066261563917,2.493948592045334,-0.06972000186215155,13.759999692440033,3.703419919938418,92.63359921415979,42.33139715178599
11:27:44.812395,4,-0.05802367472490827,2.8546059482643185,1.4457156082815859,-0.06972000186215155,9.119999796152115,3.200349275739073,91.16445281614656,26.855171306773457
11:27:44.866961,1,-0.14958047254084264,2.640841982558417,2.2350749354250343,-0.06972000186215155,8.239999815821648,3.462943929891709,93.2418381135572,40.19764220621466
11:27:44.866961,2,-0.15093055574310332,2.73357011620064,2.494306708808654,-0.06972000186215155,14.999999664723873,3.7036133127595763,93.16030387780559,42.336166138985725
11:27:44.866961,3,-0.12717047489885014,2.702580147950783,2.2673770350662363,-0.06972000186215155,22.359999500215054,3.5300298022721326,92.69407767548836,39.96436292530295
11:27:44.866961,4,-0.0872026586178444,2.829447570912717,1.332171284397437,-0.06972000186215155,6.11999986320734,3.1285872516500177,91.76527860895925,25.201692489843072
11:27:44.922120,1,-0.10202999505868288,2.749533560592225,2.411314738978211,-0.06972000186215155,13.999999687075615,3.65852206377496,92.12516301432765,41.23091254659095
11:27:44.922120,2,-0.07632263723463592,2.7045458059540333,2.2668503385916696,-0.06972000186215155,14.999999664723873,3.5297313805771635,91.61646539630692,39.957268050825014
11:27:44.922120,3,0.14459109780233462,0.03939682227099232,1.7961610662513356,-2.15712005761452,5.119999885559082,1.8024020836333583,15.241429340706775,85.2305875435805
11:27:44.976664,1,-0.10246834038635295,2.753495313858238,2.3837818794504715,-0.06972000186215155,13.35999970138073,3.643439618412419,92.13121680476162,40.86408442765386
11:27:44.976664,2,-0.07632263723463592,2.7045458059540333,2.2668503385916696,-0.06972000186215155,12.879999712109566,3.5297313805771635,91.61646539630692,39.957268050825014
11:27:44.976664,3,-0.08947062183140826,-0.025946463381167094,1.7647750120679357,-4.244520113366889,4.999999888241291,1.767232031837436,-163.8278509966834,86.97834067474079
11:27:45.031630,1,-0.10411883126904839,2.766585306192965,2.2732942512159626,-0.06972000186215155,13.119999706745148,3.5822760558169158,92.15527622927944,39.389948239949575
11:27:45.031630,2,-0.07632263723463592,2.7045458059540333,2.2668503385916696,-0.06972000186215155,12.519999720156193,3.5297313805771635,91.61646539630692,39.957268050825014
11:27:45.031630,3,0.14674092556699708,0.11379426473354425,1.8281658585786227,1.1830000315967482,5.119999885559082,1.8375724313329853,37.79276767575232,84.20015290628683
11:27:45.086629,1,-0.12515456954522372,2.689805288628875,2.375347982078727,-0.06972000186215155,9.519999787211418,3.590681577775923,92.6640071269004,41.4167575103443
11:27:45.086629,2,-0.12806621148498845,2.752381908217206,2.3840802155928342,-0.06972000186215155,9.119999796152115,3.6436033809385293,92.6640071269004,40.86806000703556
11:27:45.140820,1,0.1441468527803342,0.07669223300366414,1.8067411261779547,-4.174800111504737,5.119999885559082,1.8141040518096936,28.01486944451607,84.83608910618325
11:27:45.416629,1,0.121863214778127,-0.011723241003365074,1.7785932959803477,1.4613200390303973,5.119999885559082,1.782801780906088,-5.494944620691885,86.06237404891968
11:27:45.471330,1,0.1315987124187803,0.05676191119932469,1.7915081046964942,-3.7573201003542636,5.119999885559082,1.7972316002303392,23.331779746438272,85.42615330602902
11:27:45.525813,1,0.14719458607409894,0.19292439769289507,2.071574693054439,2.226560059469193,6.11999986320734,2.0857391443558533,52.657631607797164,83.31881347436861
11:27:45.580832,1,0.11090456094072577,0.036734896705979105,1.7755902591083115,-4.313960115221562,5.359999880194664,1.7794296958615068,18.32640977688224,86.23548447888483
11:27:45.800800,1,0.12714302914611939,0.061761084272085744,1.7901685803088245,3.33984008920379,5.239999882876873,1.7957403284762046,25.90865873852504,85.48535134058967
11:27:45.910556,1,-0.1293146923679913,0.00993273234489437,1.7827718774042705,-2.0179600538976956,5.359999880194664,1.7874832910261316,175.60770422419552,85.83909605972299
11:27:46.021067,1,0.09801412852182177,0.10212140351231362,1.7903015125583595,-1.4613200390303973,5.359999880194664,1.7958883752377168,46.17568574738421,85.47941529593811
11:27:46.076430,1,-0.026493479076117408,2.7786410948765137,2.134076458206644,0.06972000186215155,4.999999888241291,3.503688137954336,90.54628089300626,37.52404340975477
11:27:46.076430,2,0.0,2.8438116959131925,1.9095380206185892,0.06972000186215155,5.879999868571758,3.425434339467132,90.0,33.880228382001704
11:27:46.130428,1,0.027421235138291644,2.845022028729012,2.02336800026569,-0.06972000186215155,6.5199998542666435,3.491263429274427,89.44778199311764,35.41902472187039
11:27:46.130428,2,0.052069829252781676,2.768094023059854,2.2728899917498726,-0.06972000186215155,6.359999857842922,3.582050348922365,88.92235248402395,39.38454608252624
11:27:46.186480,1,-0.15886816289195305,2.7741640222847748,2.135276086192056,-0.06972000186215155,6.6399998515844345,3.5043728511651797,93.27757988677826,37.54017798160243
11:27:46.186480,2,-0.16443145266548675,2.840388176756738,2.0246096371595064,-0.06972000186215155,6.7599998489022255,3.4919746391066897,93.31318267180212,35.43572661395334
11:27:46.241525,1,-0.18753151106762406,2.7755640445050536,2.024513311134784,0.06972000186215155,5.639999873936176,3.4405781461484763,93.86532554467723,36.045137920540334
11:27:46.241525,2,-0.11078342757390358,2.8416712390828183,1.9101115542977218,0.06972000186215155,7.759999826550484,3.425769190812067,92.23256299422651,33.888022408447775
11:27:46.241525,3,-0.08494452051925687,2.905798878486852,1.907856851499575,-0.06972000186215155,5.639999873936176,3.4771828337888078,91.67443690056464,33.27642710174614
11:27:46.295891,1,-0.08309726560337481,2.842607618708858,1.9098606521331154,-0.06972000186215155,6.8799998462200165,3.425622708363945,91.67443690056464,33.88461283226848
11:27:46.295891,2,-0.08494452051925687,2.905798878486852,1.907856851499575,0.06972000186215155,5.359999880194664,3.4771828337888078,91.67443690056464,33.27642710174614
11:27:46.352604,1,-0.13400468370748791,2.778669949112672,2.0236810865034043,0.06972000186215155,4.999999888241291,3.440094341908222,92.76101836819511,36.033859952931834
11:27:46.352604,2,-0.05540279397590464,2.8432765281906125,1.9096814183776696,0.06972000186215155,6.9999998435378075,3.425518063744074,91.1162982481517,33.882177125112875
11:27:46.352604,3,0.0,2.9070297223665835,1.9075270478759923,0.06972000186215155,5.239999882876873,3.4769931327371406,90.0,33.27197821155376
11:27:46.352604,4,-0.14469193583305218,0.01334879600935009,1.7928887752184504,-1.1830000315967482,5.519999876618385,1.798767385448805,174.72900278575662,85.36653582353256
11:27:46.461375,1,-0.11078342757390358,2.8416712390828183,1.9101115542977218,0.06972000186215155,5.519999876618385,3.425769190812067,92.23256299422651,33.888022408447775
11:27:46.461375,2,0.12171269655472725,0.04830054601645011,1.7835234820299934,1.0438400278799236,5.239999882876873,1.7883240573790038,21.64519034568293,85.80087922857321
11:27:46.515918,1,-0.08309726560337481,2.842607618708858,1.9098606521331154,-0.06972000186215155,7.519999831914902,3.425622708363945,91.67443690056464,33.88461283226848
11:27:46.515918,2,-0.08494452051925687,2.905798878486852,1.907856851499575,-0.06972000186215155,6.6399998515844345,3.4771828337888078,91.67443690056464,33.27642710174614
11:27:46.572188,1,-0.08125001068749274,2.7794163589308654,1.9118644527666555,0.06972000186215155,6.7599998489022255,3.374460334080395,91.67443690056464,34.511313171682076
11:27:46.572188,2,-0.08309726560337481,2.842607618708858,1.9098606521331154,0.06972000186215155,10.639999762177467,3.425622708363945,91.67443690056464,33.88461283226848
11:27:46.572188,3,-0.08494452051925687,2.905798878486852,1.907856851499575,0.06972000186215155,8.239999815821648,3.4771828337888078,91.67443690056464,33.27642710174614
11:27:46.572188,4,0.14363113688721066,0.09141033456012163,1.812854993834666,-1.6004800427472219,5.999999865889549,1.820831947605048,32.47366297609216,84.6348741410223
11:27:46.626497,1,-0.08042425626297008,2.7807412426201634,2.023126085080784,0.06972000186215155,10.99999975413084,3.439771660377834,91.65663967969007,36.02633839343787
11:27:46.626497,2,-0.05540279397590464,2.8432765281906125,1.9096814183776696,0.06972000186215155,15.239999659359455,3.425518063744074,91.1162982481517,33.882177125112875
11:27:46.626497,3,-0.0566343998871518,2.9064826578481324,1.9076736333719189,0.06972000186215155,10.239999771118164,3.477077449106497,91.1162982481517,33.27395559660089
11:27:46.681975,1,-0.05225390711001638,2.717795081386876,2.049615415402173,0.06972000186215155,7.239999838173389,3.4044182948446835,91.10146623250394,37.016551461838006
11:27:46.681975,2,-0.053620639235832206,2.781388635132862,2.0229526167798206,0.06972000186215155,15.119999662041664,3.4396707985408472,91.10443242792269,36.02398742775507
11:27:46.681975,3,0.0,2.844574111216345,1.93798018603694,0.06972000186215155,16.639999628067017,3.4420007373145682,90.0,34.266217079459814
11:27:46.681975,4,0.0,2.9070297223665835,1.9075270478759923,0.06972000186215155,8.879999801516533,3.4769931327371406,90.0,33.27197821155376
11:27:46.737265,1,-0.10353866309547223,2.713592026636571,2.131530691792142,0.06972000186215155,11.639999739825726,3.4522058211863698,92.18509341484742,38.129445158976864
11:27:46.737265,2,-0.08019765813128132,2.780377297347188,2.050942666223446,0.06972000186215155,21.639999516308308,3.455907319374918,91.65219074997842,36.40292479687113
11:27:46.737265,3,-0.05483972817604299,2.844624735482306,2.0234744546703034,0.06972000186215155,20.51999954134226,3.4913244120544693,91.10443242792269,35.42045675911601
11:27:46.737265,4,-0.028318615862506342,2.9068929528177603,1.9075636951661485,0.06972000186215155,9.879999779164791,3.4770142125481533,90.55815121892599,33.27247257289429
11:27:46.792527,1,-0.11570886596704964,2.9680121271397466,1.9061151081571936,0.06972000186215155,5.239999882876873,3.529271785235177,92.23256299422651,32.68958653729931
11:27:46.792527,2,-0.07859577523901864,2.7175198610257265,2.0226003033117834,0.06972000186215155,9.519999787211418,3.3885105102259345,91.65663967969007,36.648163491781546
11:27:46.792527,3,-0.08064281203641203,2.780827116098585,1.9953071913489895,0.06972000186215155,20.51999954134226,3.4235586018953006,91.66108786977807,35.648900492765726
11:27:46.792527,4,-0.05540279397590464,2.8432765281906125,1.9096814183776696,0.06972000186215155,24.999999441206455,3.425518063744074,91.1162982481517,33.882177125112875
11:27:46.792527,5,-0.0566343998871518,2.9064826578481324,1.9076736333719189,0.06972000186215155,16.639999628067017,3.477077449106497,91.1162982481517,33.27395559660089
11:27:46.792527,6,1.0968560740846012,0.7123914931094513,1.3641947022174805,-0.06972000186215155,5.359999880194664,1.8898735598629972,33.003116661829885,46.20697067961961
11:27:46.851873,1,-0.2142681330142423,2.773623485111011,2.025033282457282,0.06972000186215155,16.519999630749226,3.440880390982005,94.41744345152517,36.05218398764953
11:27:46.851873,2,-0.22138962530414816,2.835253292865863,1.9118312378036213,0.06972000186215155,19.239999569952488,3.426773013016876,94.46485846824099,33.91138936053904
11:27:46.851873,3,-0.22631112387210786,2.898281065741275,1.909871243353601,0.06972000186215155,17.23999961465597,3.4783412752361818,94.46485846824099,33.303597083286256
11:27:46.851873,4,-0.18753151106762406,2.7755640445050536,2.024513311134784,0.06972000186215155,20.51999954134226,3.4405781461484763,93.86532554467723,36.045137920540334
11:27:46.851873,5,-0.1937643754296508,2.8372583493858583,1.9112939845283097,0.06972000186215155,24.35999945551157,3.4264594364503296,93.90682423515828,33.9040896243583
11:27:46.851873,6,-0.1980717637947946,2.9003306947328946,1.9093220469205128,0.06972000186215155,21.359999522566795,3.4780254802515915,93.90682423515828,33.29619010065456
11:27:46.851873,7,-0.16242690185284636,2.775885486844017,1.9128105470909043,0.06972000186215155,25.51999942958355,3.3750210256499087,93.34876081891161,34.52426102630849
11:27:46.851873,8,-0.1661197492799465,2.8389964706840183,1.9108282563301204,0.06972000186215155,31.239999301731586,3.4261875834295403,93.34876081891161,33.897761395102435
11:27:46.851873,9,-0.1702017044271614,2.9010261113076763,1.8797837992681026,0.06972000186215155,26.6399994045496,3.4609981581430627,93.35766485544276,32.89720080563307
11:27:46.851873,10,-0.10832070837733057,2.7785007950543537,1.912109777367986,0.06972000186215155,31.359999299049377,3.374605731739234,92.23256299422651,34.51467069793744
11:27:46.851873,11,-0.1110372761561978,2.8406195403607315,1.8816797491936745,0.06972000186215155,40.11999910324812,3.409129995805524,92.23850110728996,33.50110481282896
11:27:46.851873,12,-0.1139905454839217,2.9007454629155607,1.8209609860607676,0.06972000186215155,32.99999926239252,3.426837754817163,92.25039336471583,32.09890007647673
11:27:46.851873,13,-0.08125001068749274,2.7794163589308654,1.9118644527666555,0.06972000186215155,37.35999916493893,3.374460334080395,91.67443690056464,34.511313171682076
11:27:46.851873,14,-0.08328767425499257,2.8415580656022827,1.8814282721131246,0.06972000186215155,50.35999887436628,3.408982461084065,91.67889103387274,33.49767751633863
11:27:46.851873,15,-0.08550288469845409,2.9017089502050397,1.8207028204196338,0.06972000186215155,39.639999113976955,3.4266870786921584,91.68781134947336,32.095384875252314
11:27:46.851873,16,-0.051779687139507785,2.7150923366715887,2.1311286849298625,0.06972000186215155,12.759999714791775,3.451972914781334,91.09255876894233,38.123997206278524
11:27:46.851873,17,-0.05417118806465748,2.7800703985330935,1.9116892033834205,0.06972000186215155,41.75999906659126,3.374356464386806,91.1162982481517,34.50891464924455
11:27:46.851873,18,-0.055766972093509955,2.8392799388925214,1.8244215134127397,0.06972000186215155,59.35999867320061,3.375371740294279,91.1252153433052,32.718350070534605
11:27:46.851873,19,-0.05700667369615102,2.902397224240014,1.8205183979477915,0.06972000186215155,44.75999899953604,3.426579438067711,91.1252153433052,32.09287370219668
11:27:46.851873,20,-0.05824637529879209,2.9655145095875057,1.816615282482843,0.06972000186215155,13.239999704062939,3.4781834384286996,91.1252153433052,31.48588650534381
11:27:46.851873,21,-0.027086948368400428,2.780462848457627,1.911584046743072,0.06972000186215155,42.63999904692173,3.3742941368807244,90.55815121892599,34.507475420006266
11:27:46.851873,22,-0.02788488027908794,2.839683949673371,1.8243132590502775,0.06972000186215155,62.879998594522476,3.375307596016603,90.56261000529642,32.716865443965084
11:27:46.851873,23,-0.028561117895751054,2.900868536302717,1.7913877970234302,0.06972000186215155,46.23999896645546,3.409534314490907,90.56409955111795,31.695539711850007
11:27:46.851873,24,0.0,2.780593669459802,1.9115489933611862,0.06972000186215155,39.35999912023544,3.374273360096969,90.0,34.50699565762921
11:27:46.851873,25,0.0,2.837919435738021,1.7958882468188975,0.06972000186215155,58.87999868392944,3.3584224449586237,90.0,32.326390172949814
11:27:46.851873,26,0.0,2.901006477056158,1.7913508359099424,0.06972000186215155,43.5199990272522,3.4095126333886827,90.0,31.695034700066408
11:27:46.851873,27,0.027086948368400428,2.780462848457627,1.911584046743072,0.06972000186215155,33.7599992454052,3.3742941368807244,89.44184878107401,34.507475420006266
11:27:46.851873,28,0.027940010552822997,2.8377844947276283,1.7959244041536582,0.06972000186215155,49.75999888777733,3.3584439772223242,89.43590044888207,32.32688770031733
11:27:46.851873,29,0.028561117895751054,2.900868536302717,1.7913877970234302,0.06972000186215155,37.75999915599823,3.409534314490907,89.43590044888207,31.695539711850007
11:27:46.851873,30,0.05417118806465748,2.7800703985330935,1.9116892033834205,0.06972000186215155,27.759999379515648,3.374356464386806,88.88370175184832,34.50891464924455
11:27:46.851873,31,0.05587722712799888,2.8373796851904376,1.7960328725422368,0.06972000186215155,39.639999113976955,3.358508571031972,88.87180572921255,32.328380219737454
11:27:46.851873,32,0.05711937970364106,2.900454727836354,1.7914986766678132,0.06972000186215155,31.239999301731586,3.4095993548023373,88.87180572921255,31.697054683241106
11:27:46.851873,33,0.08125001068749274,2.7794163589308654,1.9118644527666555,0.06972000186215155,22.239999502897263,3.374460334080395,88.32556309943536,34.511313171682076
11:27:46.851873,34,0.08380885602727595,2.8367050476070634,1.7962136411378855,0.06972000186215155,30.879999309778214,3.358616217443996,88.30772066965328,32.330867543182194
11:27:46.851873,35,0.08567192962141536,2.899765093037569,1.79168346375522,0.06972000186215155,25.239999435842037,3.4097077453380282,88.30772066965328,31.699579422380385
11:27:46.851873,36,0.10832070837733057,2.7785007950543537,1.912109777367986,0.06972000186215155,17.879999600350857,3.374605731739234,87.7674370057735,34.51467069793744
11:27:46.851873,37,0.1117321041111654,2.8357606494406995,1.796466691863896,0.06972000186215155,24.23999945819378,3.3587669015550716,87.74365009329432,32.33434935733538
11:27:46.851873,38,0.11421591241800354,2.898799700869264,1.7919421398070967,0.06972000186215155,20.359999544918537,3.409859471125701,87.74365009329432,31.703113609567872
11:27:46.851873,39,0.139644179078253,2.83454658513037,1.7967919994154085,0.06972000186215155,19.119999572634697,3.358960602506064,87.17959881487229,32.338825223688396
11:27:46.851873,40,1.1381013199405519,0.6584101710502859,1.3786589538695981,-0.06972000186215155,4.999999888241291,1.9051191770799296,30.050081426004084,46.357507358847364
11:27:46.910140,1,-0.28514015061169734,2.887223778087899,1.7950438989680084,0.13916000371682458,18.519999586045742,3.4116782746134335,95.64020052645444,31.745483163588496
11:27:46.910140,2,-0.2511249467163127,2.8269964987796974,1.7988150389558564,0.13916000371682458,23.11999948322773,3.3601649494258012,95.07631747240703,32.366656067753
11:27:46.910140,3,-0.25670746244596976,2.8898407228541427,1.7943426907312567,0.13916000371682458,22.99999948590994,3.411267186328607,95.07631747240703,31.73590614356572
11:27:46.910140,4,-0.21832181764823974,2.7663925856127083,1.8026870976820084,0.13916000371682458,21.87999951094389,3.309119690483162,94.5123912689794,33.00849265459988
11:27:46.910140,5,-0.22328546069865352,2.8292877441461393,1.7982011016102568,0.13916000371682458,29.759999334812164,3.3597995085968004,94.5123912689794,32.35821087605152
11:27:46.910140,6,-0.22824910374906732,2.892182902679569,1.7937151055385052,0.13916000371682458,29.11999934911728,3.4108992180583817,94.5123912689794,31.727333976982546
11:27:46.910140,7,-0.2332127467994811,2.955078061213,1.7892291094667536,0.13916000371682458,13.119999706745148,3.462400228063667,94.5123912689794,31.11515246849332
11:27:46.910140,8,-0.16381781919655403,2.770083894019403,1.8016980145754204,0.13916000371682458,27.519999384880066,3.308521844195233,93.38442836200673,32.99479394335723
11:27:46.910140,9,-0.16754228974442678,2.833062976081491,1.797189531261939,0.13916000371682458,39.11999912559986,3.3591972934875427,93.38442836200673,32.34429457867405
11:27:46.910140,10,-0.17126676029229956,2.896042058143578,1.7926810479484578,0.13916000371682458,37.239999167621136,3.4102928386563947,93.38442836200673,31.713208410713683
11:27:46.910140,11,-0.17499123084017232,2.9590211402056656,1.7881725646349766,0.13916000371682458,15.359999656677246,3.4617898780787124,93.38442836200673,31.1008256495165
11:27:46.910140,12,-0.1365398844374659,2.771534522390893,1.8013093198747618,0.13916000371682458,34.759999223053455,3.308286870075567,92.82040118512772,32.98941011658128
11:27:46.910140,13,-0.139644179078253,2.83454658513037,1.7967919994154085,0.13916000371682458,51.759998843073845,3.358960602506064,92.82040118512772,32.338825223688396
11:27:46.910140,14,-0.14274847371904012,2.8975586478698467,1.7922746789560549,0.13916000371682458,47.35999894142151,3.4100545112096787,92.82040118512772,31.7076567973613
11:27:46.910140,15,-0.14585276835982722,2.960570710609324,1.7877573584967013,0.13916000371682458,17.879999600350857,3.461549990309995,92.82040118512772,31.09519492927648
11:27:46.910140,16,-0.10924829580432727,2.7727215980121347,1.8009912439206954,0.13916000371682458,43.75999902188778,3.3080945740559065,92.25634990670568,32.98500424798355
11:27:46.910140,17,-0.1117321041111654,2.8357606494406995,1.796466691863896,0.13916000371682458,67.35999849438667,3.3587669015550716,92.25634990670568,32.33434935733538
11:27:46.910140,18,-0.11421591241800354,2.898799700869264,1.7919421398070967,0.13916000371682458,58.63999868929386,3.409859471125701,92.25634990670568,31.703113609567872
11:27:46.910140,19,-0.11669972072484168,2.9618387522978296,1.7874175877502974,0.13916000371682458,20.239999547600746,3.461353673410088,92.25634990670568,31.09058699947634
11:27:46.910140,20,-0.08194578243313651,2.7736450021765577,1.8007438185205509,0.13916000371682458,53.119998812675476,3.3079449828099543,91.69227933034672,32.98157688905845
11:27:46.910140,21,-0.08380885602727595,2.8367050476070634,1.7962136411378855,0.13916000371682458,82.11999816447496,3.358616217443996,91.69227933034672,32.330867543182194
11:27:46.910140,22,-0.08567192962141536,2.899765093037569,1.79168346375522,0.13916000371682458,67.11999849975109,3.4097077453380282,91.69227933034672,31.699579422380385
11:27:46.910140,23,-0.08753500321555478,2.9628251384680753,1.7871532863725548,0.13916000371682458,22.11999950557947,3.461200954425868,91.69227933034672,31.087002446072702
11:27:46.910140,24,-0.05463507455235669,2.7743046425445206,1.8005670684166604,0.13916000371682458,60.11999865621328,3.3078381170912805,91.12819427078745,32.9791284689194
11:27:46.910140,25,-0.05587722712799888,2.8373796851904376,1.7960328725422368,0.13916000371682458,87.87999803572893,3.358508571031972,91.12819427078745,32.328380219737454
11:27:46.910140,26,-0.057226373821015405,2.898222188389915,1.762499805345486,0.06972000186215155,68.63999846577644,3.3925465766853082,91.13117748345222,31.300138769360338
11:27:46.910140,27,-0.05847085315544182,2.961248680882836,1.7573349824773759,0.13916000371682458,22.759999491274357,3.4439278202857015,91.13117748345222,30.681853384629132
11:27:46.910140,28,-0.024458367759035343,2.630063098310014,2.3658562655308617,-0.06972000186215155,10.519999764859676,3.537669569363021,90.53280883342698,41.97152807559171
11:27:46.910140,29,-0.02731890320989494,2.7747004531525388,1.8004610112838861,0.13916000371682458,61.11999863386154,3.3077739917278035,90.56409955111795,32.97765929416892
11:27:46.910140,30,-0.02799234684891094,2.8356012637099104,1.7675559566456487,0.13916000371682458,80.23999820649624,3.341507467911581,90.56559124081664,31.93586303260344
11:27:46.910140,31,-0.0286146176294025,2.898636771988498,1.7623887180050501,0.06972000186215155,61.87999861687422,3.392481086994806,90.56559124081664,31.298615547847465
11:27:46.910140,32,-0.029236888409894062,2.961672280267086,1.7572214793644518,0.06972000186215155,21.639999516308308,3.443861904735166,90.56559124081664,30.680308334242817
11:27:46.910140,33,0.0,2.6928281691293523,2.3745380036898083,-0.06972000186215155,20.999999530613422,3.5902303936410154,90.0,41.40587319543586
11:27:46.910140,34,0.0,2.774832394419884,1.8004256577278528,0.13916000371682458,55.63999875634909,3.3077526156178543,90.0,32.97716954880573
11:27:46.910140,35,0.0,2.8357364574873047,1.767519731582174,0.13916000371682458,64.63999855518341,3.3414857859723073,90.0,31.935362839150333
11:27:46.910140,36,0.0,2.8987749711279585,1.7623516876572372,0.06972000186215155,50.87999886274338,3.3924592560893356,90.0,31.298107785705046
11:27:46.910140,37,0.0,2.961813484768613,1.7571836437322998,0.06972000186215155,19.35999956727028,3.4438399318721995,90.0,30.67979329539683
11:27:46.910140,38,0.0,3.0248519984092677,1.7520155998073628,0.06972000186215155,5.359999880194664,3.4956098572708156,90.0,30.07972508584978
11:27:46.910140,39,0.02731890320989494,2.7747004531525388,1.8004610112838861,0.13916000371682458,46.35999896377325,3.3077739917278035,89.43590044888207,32.97765929416892
11:27:46.910140,40,0.02799234684891094,2.8356012637099104,1.7675559566456487,0.06972000186215155,48.99999890476465,3.341507467911581,89.43440875918336,31.93586303260344
11:27:46.910140,41,0.0286146176294025,2.898636771988498,1.7623887180050501,0.06972000186215155,39.99999910593033,3.392481086994806,89.43440875918336,31.298615547847465
11:27:46.910140,42,0.029236888409894062,2.961672280267086,1.7572214793644518,0.06972000186215155,16.759999625384808,3.443861904735166,89.43440875918336,30.680308334242817
11:27:46.910140,43,0.05463507455235669,2.7743046425445206,1.8005670684166604,0.13916000371682458,36.87999917566776,3.3078381170912805,88.87180572921255,32.9791284689194
11:27:46.910140,44,0.055981894486588996,2.8351956958969935,1.7676646282135957,-0.06972000186215155,36.63999918103218,3.3415725107171705,88.86882251654778,31.937363549350867
11:27:46.910140,45,0.057226373821015405,2.898222188389915,1.762499805345486,0.06972000186215155,30.999999307096004,3.3925465766853082,88.86882251654778,31.300138769360338
11:27:46.910140,46,0.05847085315544182,2.961248680882836,1.7573349824773759,0.06972000186215155,14.119999684393406,3.4439278202857015,88.86882251654778,30.681853384629132
11:27:46.910140,47,0.05971533248986823,3.024275173375758,1.7521701596092658,0.06972000186215155,5.119999885559082,3.4956982869602045,88.86882251654778,30.081813156322415
11:27:46.910140,48,0.08194578243313651,2.7736450021765577,1.8007438185205509,0.06972000186215155,28.879999354481697,3.3079449828099543,88.30772066965328,32.98157688905845
11:27:46.910140,49,0.08396584398172006,2.8345197946049945,1.76784573541895,-0.06972000186215155,27.759999379515648,3.3416809053531833,88.30324626743425,31.93986419857673
11:27:46.910140,50,0.08626228191800928,2.8890923022303405,1.6758433380154696,0.06972000186215155,24.119999460875988,3.341069649926374,88.2897753947197,30.105174341103616
11:27:46.910140,51,0.08769897086466096,2.960542728975448,1.7575241417208556,0.06972000186215155,11.999999731779099,3.4440376694095174,88.30324626743425,30.684428248121655
11:27:46.910140,52,0.10832070837733057,2.7785007950543537,1.912109777367986,-0.06972000186215155,22.759999491274357,3.374605731739234,87.7674370057735,34.51467069793744
11:27:46.910140,53,0.11194139696279962,2.833573627423477,1.7680992601511427,-0.06972000186215155,21.359999522566795,3.341832636762476,87.73768500150499,31.943364662320214
11:27:46.910140,54,0.11500295697859067,2.8881202576907605,1.676103796564857,0.06972000186215155,19.119999572634697,3.3412255595599487,87.7197262460684,30.108787085654612
11:27:46.910140,55,0.11691831875026791,2.9595544951395194,1.7577889381791258,0.06972000186215155,10.239999771118164,3.444191436918805,87.73768500150499,30.68803259406607
11:27:46.910140,56,0.13538057408708185,2.777323798459179,1.9124251526551572,-0.06972000186215155,18.11999959498644,3.374792637457296,87.2093276450433,34.51898682299257
11:27:46.910140,57,0.139644179078253,2.83454658513037,1.7967919994154085,-0.06972000186215155,16.8799996227026,3.358960602506064,87.17959881487229,32.338825223688396
11:27:46.910140,58,0.1315987124187803,0.05676191119932469,1.7915081046964942,-4.035640107787913,6.7599998489022255,1.7972316002303392,23.331779746438272,85.42615330602902
11:27:46.968108,1,-0.20623855696113208,2.7061741051068955,2.160279865036032,0.13916000371682458,20.239999547600746,3.4688213740128813,94.35810882795563,38.518739673453155
11:27:46.968108,2,-0.21646812673618845,2.772225519990451,1.913791232253642,0.13916000371682458,24.879999443888664,3.3756021187678376,94.46485846824099,34.537681008887986
11:27:46.968108,3,-0.22138962530414816,2.835253292865863,1.9118312378036213,0.13916000371682458,22.519999496638775,3.426773013016876,94.46485846824099,33.91138936053904
11:27:46.968108,4,-0.22631112387210786,2.898281065741275,1.909871243353601,0.13916000371682458,16.239999637007713,3.4783412752361818,94.46485846824099,33.303597083286256
11:27:46.968108,5,-0.23123262244006756,2.961308838616687,1.90791124890358,0.20888000557897612,7.1199998408555984,3.5302894919599215,94.46485846824099,32.7136273596522
11:27:46.968108,6,-0.17862841111937405,2.7021405033040127,2.2411034131019196,0.13916000371682458,24.999999441206455,3.5151125041842075,93.78210696510548,39.61028982379871
11:27:46.968108,7,-0.189456987064507,2.7741860040388215,1.9132659221361068,0.13916000371682458,31.87999928742647,3.375290865060339,93.90682423515828,34.530492671974194
11:27:46.968108,8,-0.1937643754296508,2.8372583493858583,1.9112939845283097,0.13916000371682458,29.23999934643507,3.4264594364503296,93.90682423515828,33.9040896243583
11:27:46.968108,9,-0.1980717637947946,2.9003306947328946,1.9093220469205128,0.13916000371682458,20.75999953597784,3.4780254802515915,93.90682423515828,33.29619010065456
11:27:46.968108,10,-0.2041121943440412,2.957190196042597,1.7886631646448574,0.20888000557897612,8.239999815821648,3.462073303673357,93.94842664763775,31.10747844439631
11:27:46.968108,11,-0.15314325351926794,2.7037428507176418,2.2406740654064436,0.13916000371682458,31.239999301731586,3.5148682089504106,93.2418381135572,39.604501046712876
11:27:46.968108,12,-0.16242690185284636,2.775885486844017,1.9128105470909043,0.13916000371682458,41.51999907195568,3.3750210256499087,93.34876081891161,34.52426102630849
11:27:46.968108,13,-0.1661197492799465,2.8389964706840183,1.9108282563301204,0.13916000371682458,38.99999912828207,3.4261875834295403,93.34876081891161,33.897761395102435
11:27:46.968108,14,-0.16981259670704663,2.90210745452402,1.9088459655693368,0.13916000371682458,26.87999939918518,3.4777517041724835,93.34876081891161,33.289768888702305
11:27:46.968108,15,-0.14585276835982722,2.960570710609324,1.7877573584967013,0.20888000557897612,9.759999781847,3.461549990309995,92.82040118512772,31.09519492927648
11:27:46.968108,16,-0.12224292760545896,2.627228669040543,2.3666157485646195,-0.06972000186215155,20.239999547600746,3.538098912429127,92.6640071269004,41.981817441506
11:27:46.968108,17,-0.12764278172211344,2.705098954403717,2.240310698518907,-0.06972000186215155,38.87999913096428,3.5146614429757124,92.70155444980202,39.59960179905442
11:27:46.968108,18,-0.10832070837733057,2.7785007950543537,1.912109777367986,0.13916000371682458,54.359998784959316,3.374605731739234,92.23256299422651,34.51467069793744
11:27:46.968108,19,-0.11078342757390358,2.8416712390828183,1.9101115542977218,0.13916000371682458,52.7599988207221,3.425769190812067,92.23256299422651,33.888022408447775
11:27:46.968108,20,-0.1139905454839217,2.9007454629155607,1.8209609860607676,0.20888000557897612,35.35999920964241,3.426837754817163,92.25039336471583,32.09890007647673
11:27:46.968108,21,-0.11669972072484168,2.9618387522978296,1.7874175877502974,0.20888000557897612,11.639999739825726,3.461353673410088,92.25634990670568,31.09058699947634
11:27:46.968108,22,-0.09821764689926961,2.6318102290416157,2.340013429180646,-0.06972000186215155,22.99999948590994,3.5230291847494364,92.13725375514967,41.62136032442104
11:27:46.968108,23,-0.10212954575372593,2.7062086787530086,2.240013348775693,-0.06972000186215155,47.11999894678593,3.5144922335619495,92.16125842317956,39.59559260646758
11:27:46.968108,24,-0.08125001068749274,2.7794163589308654,1.9118644527666555,0.13916000371682458,69.87999843806028,3.374460334080395,91.67443690056464,34.511313171682076
11:27:46.968108,25,-0.08309726560337481,2.842607618708858,1.9098606521331154,0.13916000371682458,70.87999841570854,3.425622708363945,91.67443690056464,33.88461283226848
11:27:46.968108,26,-0.08550288469845409,2.9017089502050397,1.8207028204196338,0.20888000557897612,46.11999896913767,3.4266870786921584,91.68781134947336,32.095384875252314
11:27:46.968108,27,-0.08753500321555478,2.9628251384680753,1.7871532863725548,0.20888000557897612,13.759999692440033,3.461200954425868,91.69227933034672,31.087002446072702
11:27:46.968108,28,-0.07367183043585175,2.632640398368276,2.3397909859799864,-0.06972000186215155,25.239999435842037,3.522902902975562,91.60294722458666,41.61834573179426
11:27:46.968108,29,-0.07660609691632728,2.70707191279401,2.239782045911528,-0.06972000186215155,54.359998784959316,3.5143606030557826,91.62095249358447,39.592473899195
11:27:46.968108,30,-0.05417118806465748,2.7800703985330935,1.9116892033834205,0.13916000371682458,84.35999811440706,3.374356464386806,91.1162982481517,34.50891464924455
11:27:46.968108,31,-0.055529743656140336,2.8422285078198204,1.8812486276623637,0.13916000371682458,90.23999798297882,3.4088770646909117,91.11926793160009,33.49522914750519
11:27:46.968108,32,-0.05711937970364106,2.900454727836354,1.7914986766678132,0.20888000557897612,57.11999872326851,3.4095993548023373,91.12819427078745,31.697054683241106
11:27:46.968108,33,-0.05836153227928324,2.963529770482271,1.7869644807933898,0.20888000557897612,15.999999642372131,3.4610918544011335,91.12819427078745,31.084441724997628
11:27:46.968108,34,-0.06668073525912276,3.1334170986966337,0.8140602747787911,0.13916000371682458,7.239999838173389,3.2381234018845,91.2190997942713,14.560300259492701
11:27:46.968108,35,-0.06793933164979406,3.1925602295508746,0.7916757067035176,0.13916000371682458,11.359999746084213,3.2899554703186284,91.2190997942713,13.92397265016431
11:27:46.968108,36,-0.024852326642722664,2.642586413679897,2.2603849611029028,-0.06972000186215155,26.519999407231808,3.477530843038679,90.53882493393597,40.54138318222846
11:27:46.968108,37,-0.025444271534514118,2.7055288315542154,2.266586937675962,-0.06972000186215155,57.999998703598976,3.5295821304183215,90.53882493393597,39.95371985880645
11:27:46.968108,38,-0.027086948368400428,2.780462848457627,1.911584046743072,0.13916000371682458,90.75999797135592,3.3742941368807244,90.55815121892599,34.507475420006266
11:27:46.968108,39,-0.02776626012944534,2.8426307999696845,1.8811408338056863,0.13916000371682458,100.99999774247408,3.4088138210745713,90.55963613903259,33.49376000622285
11:27:46.968108,40,-0.028561117895751054,2.900868536302717,1.7913877970234302,0.13916000371682458,63.23999858647585,3.409534314490907,90.56409955111795,31.695539711850007
11:27:46.968108,41,-0.029182225238679114,2.9639525778778064,1.7868511898932022,0.13916000371682458,17.23999961465597,3.4610263883711037,90.56409955111795,31.082905162017717
11:27:46.968108,42,-0.02980333258160717,3.027036619452896,1.7823145827629743,0.13916000371682458,5.359999880194664,3.512902532959225,90.56409955111795,30.4882982259299
11:27:46.968108,43,-0.03397136437888535,3.1930524245078504,0.7915438234622774,0.13916000371682458,10.99999975413084,3.2898752960734705,90.60955540660932,13.92195244278502
11:27:46.968108,44,-0.03460069404044046,3.252204673420531,0.7691568122106083,0.13916000371682458,6.8799998462200165,3.34210033476202,90.60955540660933,13.305417170627392
11:27:46.968108,45,0.0,2.642706442198191,2.260352799558357,-0.06972000186215155,26.359999410808086,3.4775123462192226,90.0,40.540946560028175
11:27:46.968108,46,0.0,2.7056517189705636,2.2665540100919914,-0.06972000186215155,56.35999874025583,3.529563472305386,90.0,39.953276299416935
11:27:46.968108,47,0.0,2.780593669459802,1.9115489933611862,0.13916000371682458,84.75999810546637,3.374273360096969,90.0,34.50699565762921
11:27:46.968108,48,0.0,2.839818624422775,1.8242771730599336,0.20888000557897612,94.75999788194895,3.3752862136070783,90.0,32.71637054785178
11:27:46.968108,49,0.0,2.901006477056158,1.7913508359099424,0.13916000371682458,59.8799986615777,3.4095126333886827,90.0,31.695034700066408
11:27:46.968108,50,0.0,2.964093518374295,1.7868134250009873,0.13916000371682458,16.8799996227026,3.4610045653584836,90.0,31.08239295263325
11:27:46.968108,51,0.0,3.0248519984092677,1.7520155998073628,0.13916000371682458,5.519999876618385,3.4956098572708156,90.0,30.07972508584978
11:27:46.968108,52,0.0,3.1932164949624786,0.7914998609164579,0.13916000371682458,10.119999773800373,3.289848570000028,90.0,13.921279001794376
11:27:46.968108,53,0.024852326642722664,2.642586413679897,2.2603849611029028,-0.06972000186215155,24.879999443888664,3.477530843038679,89.46117506606403,40.54138318222846
11:27:46.968108,54,0.025444271534514118,2.7055288315542154,2.266586937675962,-0.06972000186215155,50.23999887704849,3.5295821304183215,89.46117506606403,39.95371985880645
11:27:46.968108,55,0.026811660189694175,2.7817770965377773,2.022848528860083,0.13916000371682458,70.63999842107296,3.4396102759841374,89.44778199311764,36.0225767389867
11:27:46.968108,56,0.02788488027908794,2.839683949673371,1.8243132590502775,0.20888000557897612,76.7599982842803,3.375307596016603,89.43738999470358,32.716865443965084
11:27:46.968108,57,0.028561117895751054,2.900868536302717,1.7913877970234302,0.13916000371682458,49.75999888777733,3.409534314490907,89.43590044888207,31.695539711850007
11:27:46.968108,58,0.029182225238679114,2.9639525778778064,1.7868511898932022,0.13916000371682458,14.879999667406082,3.4610263883711037,89.43590044888207,31.082905162017717
11:27:46.968108,59,0.029859159190385624,3.0247077885456735,1.7520542407238535,0.13916000371682458,5.239999882876873,3.495631965455582,89.43440875918336,30.080247120299504
11:27:46.968108,60,0.04970216807360235,2.642226340127765,2.2604814425204123,-0.06972000186215155,22.519999496638775,3.477586331057123,88.92235248402395,40.54269300269381
11:27:46.968108,61,0.05088599866319201,2.705160181593809,2.266685717135142,-0.06972000186215155,42.119999058544636,3.5296381022995904,88.92235248402395,39.95505048979022
11:27:46.968108,62,0.053620639235832206,2.781388635132862,2.0229526167798206,-0.06972000186215155,55.359998762607574,3.4396707985408472,88.89556757207733,36.02398742775507
11:27:46.968108,63,0.05587722712799888,2.8373796851904376,1.7960328725422368,0.20888000557897612,57.759998708963394,3.358508571031972,88.87180572921255,32.328380219737454
11:27:46.968108,64,0.05711937970364106,2.900454727836354,1.7914986766678132,0.13916000371682458,38.519999139010906,3.4095993548023373,88.87180572921255,31.697054683241106
11:27:46.968108,65,0.05836153227928324,2.963529770482271,1.7869644807933898,0.13916000371682458,12.519999720156193,3.4610918544011335,88.87180572921255,31.084441724997628
11:27:46.968108,66,0.0745470393293152,2.6416262575488494,2.2606422341628245,-0.06972000186215155,19.759999558329582,3.477678802955355,88.38353460369308,40.5448758830284
11:27:46.968108,67,0.07632263723463592,2.7045458059540333,2.2668503385916696,-0.06972000186215155,34.35999923199415,3.5297313805771635,88.38353460369308,39.957268050825014
11:27:46.968108,68,0.08042425626297008,2.7807412426201634,2.023126085080784,-0.06972000186215155,42.63999904692173,3.439771660377834,88.34336032030994,36.02633839343787
11:27:46.968108,69,0.08380885602727595,2.8367050476070634,1.7962136411378855,0.20888000557897612,42.75999904423952,3.358616217443996,88.30772066965328,32.330867543182194
11:27:46.968108,70,0.08567192962141536,2.899765093037569,1.79168346375522,0.13916000371682458,29.23999934643507,3.4097077453380282,88.30772066965328,31.699579422380385
11:27:46.968108,71,0.08753500321555478,2.9628251384680753,1.7871532863725548,0.13916000371682458,10.519999764859676,3.461200954425868,88.30772066965328,31.087002446072702
11:27:46.968108,72,0.10175164360629954,2.703685766071935,2.2670807855835364,-0.06972000186215155,27.759999379515648,3.529861952966239,87.84472377072058,39.96037230604223
11:27:46.968108,73,0.10721983093186115,2.779834983738391,2.0233689164162887,-0.06972000186215155,32.87999926507473,3.4399128478611933,87.79116381642534,36.02962936269003
11:27:46.968108,74,0.1117321041111654,2.8357606494406995,1.796466691863896,0.20888000557897612,32.119999282062054,3.3587669015550716,87.74365009329432,32.33434935733538
11:27:46.968108,75,0.11421591241800354,2.898799700869264,1.7919421398070967,0.13916000371682458,22.359999500215054,3.409859471125701,87.74365009329432,31.703113609567872
11:27:46.968108,76,0.11669972072484168,2.9618387522978296,1.7874175877502974,0.13916000371682458,8.879999801516533,3.461353673410088,87.74365009329432,31.09058699947634
11:27:46.968108,77,0.12717047489885014,2.702580147950783,2.2673770350662363,-0.06972000186215155,22.519999496638775,3.5300298022721326,87.30592232451163,39.96436292530295
11:27:46.968108,78,0.13400468370748791,2.778669949112672,2.0236810865034043,-0.06972000186215155,25.879999421536922,3.440094341908222,87.23898163180489,36.033859952931834
11:27:46.968108,79,0.139644179078253,2.83454658513037,1.7967919994154085,0.20888000557897612,24.639999449253082,3.358960602506064,87.17959881487229,32.338825223688396
11:27:46.968108,80,0.14274847371904012,2.8975586478698467,1.7922746789560549,0.13916000371682458,17.519999608397484,3.4100545112096787,87.17959881487229,31.7076567973613
11:27:46.968108,81,0.14585276835982722,2.960570710609324,1.7877573584967013,0.13916000371682458,7.639999829232693,3.461549990309995,87.17959881487229,31.09519492927648
11:27:46.968108,82,0.16754228974442678,2.833062976081491,1.797189531261939,0.20888000557897612,19.35999956727028,3.3591972934875427,86.61557163799327,32.34429457867405
11:27:46.968108,83,0.17126676029229956,2.896042058143578,1.7926810479484578,0.13916000371682458,13.999999687075615,3.4102928386563947,86.61557163799327,31.713208410713683
11:27:46.968108,84,0.17499123084017232,2.9590211402056656,1.7881725646349766,0.13916000371682458,6.6399998515844345,3.4617898780787124,86.61557163799327,31.1008256495165
11:27:47.022931,1,-0.2714856435562384,3.1827214974849505,0.7943119870151283,0.06972000186215155,9.63999978452921,3.291557703873033,94.8755189833209,13.964340421968469
11:27:47.022931,2,-0.23760935540463057,3.185180257957352,0.7936531641321667,0.06972000186215155,11.359999746084213,3.2911573688284896,94.2662714464158,13.954254969890211
11:27:47.022931,3,-0.2422418561816533,3.256324926519867,0.8038920388137907,0.06972000186215155,10.87999975681305,3.362822557618695,94.25446410237097,13.830640684563493
11:27:47.022931,4,-0.18530602467103136,2.7725017747872984,2.1357214840666257,0.06972000186215155,23.35999947786331,3.5046270374294965,93.82379757901428,37.54616813688178
11:27:47.022931,5,-0.19179512288467196,2.83866772021136,2.0250706321014533,0.06972000186215155,31.359999299049377,3.4922386602195568,93.86532554467723,35.44192727283334
11:27:47.022931,6,-0.1980717637947946,2.9003306947328946,1.9093220469205128,0.27832000743364915,29.519999340176582,3.4780254802515915,93.90682423515828,33.29619010065456
11:27:47.022931,7,-0.20370930651655167,3.1873116811374644,0.7930820510123264,0.06972000186215155,13.239999704062939,3.2908102913894477,93.65694707043968,13.945510746217812
11:27:47.022931,8,-0.20768088212693817,3.258497904543312,0.803309791107238,0.06972000186215155,12.23999972641468,3.362476254667523,93.64682295088535,13.821875997718093
11:27:47.022931,9,-0.15886816289195305,2.7741640222847748,2.135276086192056,0.06972000186215155,28.759999357163906,3.5043728511651797,93.27757988677826,37.54017798160243
11:27:47.022931,10,-0.16443145266548675,2.840388176756738,2.0246096371595064,0.06972000186215155,39.99999910593033,3.4919746391066897,93.31318267180212,35.43572661395334
11:27:47.022931,11,-0.16981259670704663,2.90210745452402,1.9088459655693368,0.27832000743364915,37.119999170303345,3.4777517041724835,93.34876081891161,33.289768888702305
11:27:47.022931,12,-0.16978888686848895,3.189115553884757,0.7925987047664411,0.06972000186215155,14.879999667406082,3.2905165231208247,93.04755676435083,13.938109248800222
11:27:47.022931,13,-0.17309914015800557,3.2603369461158778,0.8028170214030217,0.06972000186215155,13.639999695122242,3.3621831426003657,93.03911750123748,13.814457204402316
11:27:47.022931,14,-0.12898293462998633,2.711031455748905,2.158978341854151,0.06972000186215155,23.519999474287033,3.468070880486887,92.72391131736184,38.501128509508796
11:27:47.022931,15,-0.13241441442968543,2.7755708207975855,2.134899135666635,0.06972000186215155,35.23999921232462,3.5041577130434476,92.73134417095756,37.53510825265052
11:27:47.022931,16,-0.13705133943879583,2.84184423893344,2.02421948647513,0.06972000186215155,51.639998845756054,3.4917511763335587,92.76101836819511,35.43047867549908
11:27:47.022931,17,-0.11324614677047662,2.9048416831112824,1.9081133312274576,0.27832000743364915,47.11999894678593,3.477330352225266,92.23256299422651,33.279886786842745
11:27:47.022931,18,-0.11570886596704964,2.9680121271397466,1.9061151081571936,0.27832000743364915,15.87999964505434,3.529271785235177,92.23256299422651,32.68958653729931
11:27:47.022931,19,-0.13585148847398865,3.1905916958134655,0.7922031737287298,0.06972000186215155,16.119999639689922,3.2902761076815903,92.43811146846963,13.932051746219896
11:27:47.022931,20,-0.1383681778335785,3.249698358992846,0.769828377137485,0.06972000186215155,14.359999679028988,3.3425021925683036,92.43811146846963,13.315617546618004
11:27:47.022931,21,-0.10320182893241416,2.7121528313666317,2.158677870162969,0.06972000186215155,25.879999421536922,3.467897597293837,92.17914631038786,38.497062600714536
11:27:47.022931,22,-0.10594742463691172,2.7767220296470585,2.134590670185099,0.06972000186215155,42.63999904692173,3.50398165177213,92.18509341484742,37.530959517820804
11:27:47.022931,23,-0.08225273728692149,2.843962624214601,2.023651866849785,0.06972000186215155,65.99999852478504,3.4914260408786277,91.65663967969007,35.422843301773234
11:27:47.022931,24,-0.08494452051925687,2.905798878486852,1.907856851499575,0.27832000743364915,59.51999866962433,3.4771828337888078,91.67443690056464,33.27642710174614
11:27:47.022931,25,-0.08658422209766047,2.9697894580443776,1.9355589509664433,0.27832000743364915,19.239999569952488,3.5459180342041314,91.669985589984,33.0831466374714
11:27:47.022931,26,-0.09966676813513044,3.0956287846824995,0.720800629498461,0.06972000186215155,7.35999983549118,3.180000720866385,91.84405614157511,13.100912156697548
11:27:47.022931,27,-0.10154797466588154,3.1540586625193145,0.6966557890973204,0.06972000186215155,16.239999637007713,3.231675622065847,91.84405614157511,12.449033188589892
11:27:47.022931,28,-0.10378824230566026,3.250867894413921,0.7695150010658884,0.06972000186215155,14.51999967545271,3.3423146774409997,91.82862214929027,13.31085791590861
11:27:47.022931,29,-0.10577672368781645,3.3223613435170325,0.7803122771495155,0.06972000186215155,6.11999986320734,3.4144049059888446,91.82355641099667,13.210857989161989
11:27:47.022931,30,-0.05041053358261864,2.650516949304194,2.154594952792118,-0.06972000186215155,9.359999790787697,3.416147059340708,91.08958466883774,39.10245621922861
11:27:47.022931,31,-0.05298430882652346,2.778257243446569,2.1341793108873115,0.06972000186215155,49.359998896718025,3.5037468485557848,91.09255876894233,37.52542678639726
11:27:47.022931,32,-0.05483972817604299,2.844624735482306,2.0234744546703034,0.06972000186215155,80.99999818950891,3.4913244120544693,91.10443242792269,35.42045675911601
11:27:47.022931,33,-0.05649896471885692,2.9072633299151076,1.9367477185084971,0.27832000743364915,72.63999837636948,3.493760714134735,91.11333045046348,33.66559087639383
11:27:47.022931,34,-0.05772762537502597,2.9704864365395296,1.9353721961415253,0.27832000743364915,23.23999948054552,3.5458126975341524,91.11333045046348,33.080653933675926
11:27:47.022931,35,-0.06770429181072513,3.15487609498973,0.6964367587270055,0.06972000186215155,15.519999653100967,3.231540067022753,91.22939054291339,12.445586840291341
11:27:47.022931,36,-0.06919792804046535,3.2517033604051155,0.7692911386282442,0.06972000186215155,13.879999689757824,3.3421807182267917,91.2190997942713,13.307457596050748
11:27:47.022931,37,-0.02580690851909,2.7140221645967606,2.1581769838335716,-0.06972000186215155,27.759999379515648,3.467608714950228,90.54479377445597,38.49028459024674
11:27:47.022931,38,-0.026493479076117408,2.7786410948765137,2.134076458206644,0.06972000186215155,53.51999880373478,3.503688137954336,90.54628089300626,37.52404340975477
11:27:47.022931,39,-0.027421235138291644,2.845022028729012,2.02336800026569,0.06972000186215155,91.11999796330929,3.491263429274427,90.55221800688237,35.41902472187039
11:27:47.022931,40,-0.028250894892338767,2.9076726437077767,1.9366380432083006,0.27832000743364915,82.63999815285206,3.493697930049257,90.55666724288233,33.66411559257309
11:27:47.022931,41,-0.02886525593821823,2.9709046515174786,1.9352601357759214,0.27832000743364915,27.359999388456345,3.5457494898162234,90.55666724288233,33.079158190312704
11:27:47.022931,42,-0.02955028335661226,3.033323057177893,1.903543343589225,0.20888000557897612,5.119999885559082,3.5812566578474017,90.55815121892599,32.10885124139554
11:27:47.022931,43,-0.03385383858311033,3.1553665871712937,0.6963053317430619,0.06972000186215155,13.879999689757824,3.231458725844668,90.61470120714849,12.443518787295137
11:27:47.022931,44,-0.03460069404044046,3.252204673420531,0.7691568122106083,0.06972000186215155,12.639999717473984,3.34210033476202,90.60955540660933,13.305417170627392
11:27:47.022931,45,0.0,2.7141468034298097,2.1581435869589107,-0.06972000186215155,26.75999940186739,3.4675894527034377,90.0,38.48983265638799
11:27:47.022931,46,0.0,2.7787690496182846,2.134042172836919,0.06972000186215155,53.119998812675476,3.5036685668828644,90.0,37.523582266979446
11:27:47.022931,47,0.0,2.845154464225727,2.0233325142812966,0.06972000186215155,90.35999798029661,3.491243100766754,90.0,35.41854735751179
11:27:47.022931,48,0.0,2.907809086186711,1.9366014835562568,0.27832000743364915,84.35999811440706,3.4936770010724074,90.0,33.66362381148463
11:27:47.022931,49,0.0,2.971044061157077,1.9352227810755738,0.27832000743364915,30.35999932140112,3.5457284196241843,90.0,33.07865958900889
11:27:47.022931,50,0.0,3.0334657752733643,1.903505102390798,0.20888000557897612,5.999999865889549,3.5812353014822462,90.0,32.1083433509089
11:27:47.022931,51,0.0,3.1555300900151972,0.6962615212880776,0.06972000186215155,11.879999734461308,3.2314316107598047,90.0,12.442829395621018
11:27:47.022931,52,0.02580690851909,2.7140221645967606,2.1581769838335716,-0.06972000186215155,24.639999449253082,3.467608714950228,89.45520622554403,38.49028459024674
11:27:47.022931,53,0.026736117407096437,2.781410232710458,2.0506658920270238,0.06972000186215155,48.51999891549349,3.4557471411148475,89.44926516351852,36.39918163760883
11:27:47.022931,54,0.027421235138291644,2.845022028729012,2.02336800026569,0.06972000186215155,79.11999823153019,3.491263429274427,89.44778199311764,35.41902472187039
11:27:47.022931,55,0.028250894892338767,2.9076726437077767,1.9366380432083006,0.27832000743364915,76.63999828696251,3.493697930049257,89.44333275711769,33.66411559257309
11:27:47.022931,56,0.02886525593821823,2.9709046515174786,1.9352601357759214,0.27832000743364915,31.359999299049377,3.5457494898162234,89.44333275711769,33.079158190312704
11:27:47.022931,57,0.02955028335661226,3.033323057177893,1.903543343589225,0.20888000557897612,6.7599998489022255,3.5812566578474017,89.44184878107401,32.10885124139554
11:27:47.022931,58,0.03385383858311033,3.1553665871712937,0.6963053317430619,0.06972000186215155,9.999999776482582,3.231458725844668,89.38529879285151,12.443518787295137
11:27:47.022931,59,0.053620639235832206,2.781388635132862,2.0229526167798206,0.06972000186215155,41.51999907195568,3.4396707985408472,88.89556757207733,36.02398742775507
11:27:47.022931,60,0.05483972817604299,2.844624735482306,2.0234744546703034,0.06972000186215155,63.75999857485294,3.4913244120544693,88.89556757207733,35.42045675911601
11:27:47.022931,61,0.0566343998871518,2.9064826578481324,1.9076736333719189,0.27832000743364915,63.63999857753515,3.477077449106497,88.88370175184832,33.27395559660089
11:27:47.022931,62,0.05786600579839895,2.969688787505651,1.9056658483661681,0.13916000371682458,29.759999334812164,3.5290171854062984,88.88370175184832,32.68357264816575
11:27:47.022931,63,0.0590976117096461,3.03289491716317,1.9036580633604174,0.13916000371682458,7.519999831914902,3.581320724043172,88.88370175184832,32.11037485034558
11:27:47.022931,64,0.08042425626297008,2.7807412426201634,2.023126085080784,0.27832000743364915,34.23999923467636,3.439771660377834,88.34336032030994,36.02633839343787
11:27:47.022931,65,0.08309726560337481,2.842607618708858,1.9098606521331154,0.27832000743364915,49.51999889314175,3.425622708363945,88.32556309943536,33.88461283226848
11:27:47.022931,66,0.08494452051925687,2.905798878486852,1.907856851499575,0.13916000371682458,50.35999887436628,3.4771828337888078,88.32556309943536,33.27642710174614
11:27:47.022931,67,0.08679177543513894,2.968990138264845,1.9058530508660347,0.13916000371682458,26.519999407231808,3.52912327708915,88.32556309943536,32.68607861446196
11:27:47.022931,68,0.08863903035102101,3.0321813980428387,1.9038492502324944,0.13916000371682458,7.879999823868275,3.5814274913712025,88.32556309943536,32.112913990247826
11:27:47.022931,69,0.10721983093186115,2.779834983738391,2.0233689164162887,0.27832000743364915,27.759999379515648,3.4399128478611933,87.79116381642534,36.02962936269003
11:27:47.022931,70,0.11078342757390358,2.8416712390828183,1.9101115542977218,0.27832000743364915,38.1199991479516,3.425769190812067,87.7674370057735,33.888022408447775
11:27:47.022931,71,0.11324614677047662,2.9048416831112824,1.9081133312274576,0.13916000371682458,39.23999912291765,3.477330352225266,87.7674370057735,33.279886786842745
11:27:47.022931,72,0.11570886596704964,2.9680121271397466,1.9061151081571936,0.13916000371682458,22.639999493956566,3.529271785235177,87.7674370057735,32.68958653729931
11:27:47.022931,73,0.11817158516362267,3.031182571168211,1.9041168850869292,0.13916000371682458,7.999999821186066,3.5815769453366713,87.7674370057735,32.116468348644915
11:27:47.022931,74,0.13400468370748791,2.778669949112672,2.0236810865034043,0.27832000743364915,22.519999496638775,3.440094341908222,87.23898163180489,36.033859952931834
11:27:47.022931,75,0.13845851129448944,2.840467482949669,1.910434099781483,0.27832000743364915,29.639999337494373,3.4259574910748967,87.2093276450433,33.89240543995554
11:27:47.022931,76,0.14153644850189706,2.9036111674401597,1.9084430469078089,0.13916000371682458,30.759999312460423,3.477519984303253,87.2093276450433,33.284334229931204
11:27:47.022931,77,0.14461438570930463,2.96675485193065,1.9064519940341347,0.13916000371682458,18.999999575316906,3.529462689640572,87.2093276450433,32.69409598685132
11:27:47.022931,78,0.14769232291671222,3.0298985364211397,1.9044609411604605,0.13916000371682458,7.639999829232693,3.581769065651956,87.2093276450433,32.1210374882251
11:27:47.022931,79,0.1661197492799465,2.8389964706840183,1.9108282563301204,0.27832000743364915,23.35999947786331,3.4261875834295403,86.65123918108839,33.897761395102435
11:27:47.022931,80,0.16981259670704663,2.90210745452402,1.9088459655693368,0.13916000371682458,24.35999945551157,3.4777517041724835,86.65123918108839,33.289768888702305
11:27:47.022931,81,0.17350544413414673,2.9652184383640217,1.906863674808553,0.13916000371682458,15.87999964505434,3.5296959643377974,86.65123918108839,32.699606410699424
11:27:47.022931,82,0.1787157013880451,3.0220002222677533,1.7836640813214955,0.20888000557897612,7.239999838173389,3.5136707586661315,86.61557163799327,30.506460843282472
11:27:47.077460,1,-0.3419171452209991,2.8811666679521957,1.7966668967373365,0.3480400092958007,19.999999552965164,3.4126295785723073,96.76781838769648,31.767646799407217
11:27:47.077460,2,-0.34935268224531685,2.9438222607828566,1.7922450921021764,0.3480400092958007,11.879999734461308,3.46414192403213,96.76781838769648,31.156039427514298
11:27:47.077460,3,-0.3135443250012544,2.884332330073124,1.7958186601285242,0.3480400092958007,25.239999435842037,3.412132426227235,96.204035724543,31.75606382740572
11:27:47.077460,4,-0.32036284951778504,2.947056765306793,1.791378409227073,0.3480400092958007,14.119999684393406,3.4636415141201624,96.204035724543,31.144291523273957
11:27:47.077460,5,-0.27893932044969294,2.8244364636770145,1.7995009982942156,0.3480400092958007,28.519999362528324,3.360573213709699,95.64020052645444,32.37609124723915
11:27:47.077460,6,-0.28514015061169734,2.887223778087899,1.7950438989680084,0.3480400092958007,32.359999276697636,3.4116782746134335,95.64020052645444,31.745483163588496
11:27:47.077460,7,-0.29188671098391394,2.9477046801625413,1.7609640865326655,0.3480400092958007,16.8799996227026,3.4460347136323195,95.65508995484753,30.731242659649002
11:27:47.077460,8,-0.2511249467163127,2.8269964987796974,1.7988150389558564,0.3480400092958007,35.879999198019505,3.3601649494258012,95.07631747240703,32.366656067753
11:27:47.077460,9,-0.25670746244596976,2.8898407228541427,1.7943426907312567,0.3480400092958007,42.23999905586243,3.411267186328607,95.07631747240703,31.73590614356572
11:27:47.077460,10,-0.26409737870545974,2.9417101846330747,1.671529810157351,0.3480400092958007,19.999999552965164,3.3937321847867907,95.13007964207262,29.50729620335074
11:27:47.077460,11,-0.21646812673618845,2.772225519990451,1.913791232253642,0.3480400092958007,21.639999516308308,3.3756021187678376,94.46485846824099,34.537681008887986
11:27:47.077460,12,-0.22328546069865352,2.8292877441461393,1.7982011016102568,0.3480400092958007,44.99999899417162,3.3597995085968004,94.5123912689794,32.35821087605152
11:27:47.077460,13,-0.22824910374906732,2.892182902679569,1.7937151055385052,0.3480400092958007,54.75999877601862,3.4108992180583817,94.5123912689794,31.727333976982546
11:27:47.077460,14,-0.2055187005734014,2.9462464787366494,1.670314313815668,0.3480400092958007,22.99999948590994,3.393015790810734,93.99026711284884,29.49055954178861
11:27:47.077460,15,-0.18753151106762406,2.7755640445050536,2.024513311134784,-0.06972000186215155,24.999999441206455,3.4405781461484763,93.86532554467723,36.045137920540334
11:27:47.077460,16,-0.1954236463219932,2.831309970653723,1.797659247650637,0.3480400092958007,55.23999876528978,3.359476941746858,93.94842664763775,32.35075673383862
11:27:47.077460,17,-0.17126676029229956,2.896042058143578,1.7926810479484578,0.3480400092958007,67.87999848276377,3.4102928386563947,93.38442836200673,31.713208410713683
11:27:47.077460,18,-0.17619706891883827,2.9480900396587475,1.6698203331553942,0.3480400092958007,25.119999438524246,3.3927246033313545,93.42030048451954,29.483756905304425
11:27:47.077460,19,-0.20390350878559269,3.199231192117039,0.8250756158987456,0.13916000371682458,6.6399998515844345,3.310197370771172,93.64682295088535,14.433294947629063
11:27:47.077460,20,-0.16077613612701314,2.7772462552454953,2.0240625641253835,-0.06972000186215155,28.239999368786812,3.4403161179921944,93.31318267180212,36.03902967245199
11:27:47.077460,21,-0.139644179078253,2.83454658513037,1.7967919994154085,0.3480400092958007,64.3599985614419,3.358960602506064,92.82040118512772,32.338825223688396
11:27:47.077460,22,-0.14274847371904012,2.8975586478698467,1.7922746789560549,0.3480400092958007,76.2399982959032,3.4100545112096787,92.82040118512772,31.7076567973613
11:27:47.077460,23,-0.1468578177050013,2.9496502879174575,1.669402265894481,0.3480400092958007,25.119999438524246,3.3924781451037003,92.85030087511534,29.47799930755783
11:27:47.077460,24,-0.17348981475058853,3.29480229174451,0.90127958912792,-0.06972000186215155,6.6399998515844345,3.420252294098443,93.01416040772226,15.278590217469304
11:27:47.077460,25,-0.13400468370748791,2.778669949112672,2.0236810865034043,-0.06972000186215155,30.759999312460423,3.440094341908222,92.76101836819511,36.033859952931834
11:27:47.077460,26,-0.1117321041111654,2.8357606494406995,1.796466691863896,0.3480400092958007,68.63999846577644,3.3587669015550716,92.25634990670568,32.33434935733538
11:27:47.077460,27,-0.11421591241800354,2.898799700869264,1.7919421398070967,0.3480400092958007,74.1199983432889,3.409859471125701,92.25634990670568,31.703113609567872
11:27:47.077460,28,-0.11750388083243143,2.9509270674892614,1.6690601538393035,0.3480400092958007,22.99999948590994,3.3922764505248586,92.2802737539316,29.473287508536394
11:27:47.077460,29,-0.08042425626297008,2.7807412426201634,2.023126085080784,-0.06972000186215155,31.87999928742647,3.439771660377834,91.65663967969007,36.02633839343787
11:27:47.077460,30,-0.08309726560337481,2.842607618708858,1.9098606521331154,0.3480400092958007,65.51999853551388,3.425622708363945,91.67443690056464,33.88461283226848
11:27:47.077460,31,-0.08567192962141536,2.899765093037569,1.79168346375522,0.3480400092958007,62.99999859184027,3.4097077453380282,91.69227933034672,31.699579422380385
11:27:47.077460,32,-0.08813819367022316,2.9519202506972713,1.6687940312007812,0.3480400092958007,19.63999956101179,3.3921195477505575,91.7102246052803,29.469622130387272
11:27:47.077460,33,-0.0745470393293152,2.6416262575488494,2.2606422341628245,-0.13916000371682458,9.239999793469906,3.477678802955355,91.61646539630692,40.5448758830284
11:27:47.077460,34,-0.05161123636894914,2.713648260561392,2.1582771711178954,0.06972000186215155,18.759999580681324,3.467666499122438,91.08958466883776,38.49164034194737
11:27:47.077460,35,-0.053620639235832206,2.781388635132862,2.0229526167798206,-0.06972000186215155,31.239999301731586,3.4396707985408472,91.10443242792269,36.02398742775507
11:27:47.077460,36,-0.05540279397590464,2.8432765281906125,1.9096814183776696,-0.06972000186215155,56.639998733997345,3.425518063744074,91.1162982481517,33.882177125112875
11:27:47.077460,37,-0.05711937970364106,2.900454727836354,1.7914986766678132,0.3480400092958007,49.11999890208244,3.4095993548023373,91.12819427078745,31.697054683241106
11:27:47.077460,38,-0.05876369276249014,2.9526297382239983,1.6686039245909545,0.3480400092958007,16.119999639689922,3.3920074586875746,91.14015892549759,29.467003657213876
11:27:47.077460,39,-0.026811660189694175,2.7817770965377773,2.022848528860083,-0.06972000186215155,28.999999351799488,3.4396102759841374,90.55221800688237,36.0225767389867
11:27:47.077460,40,-0.027702782115453385,2.8436779006376938,1.9095738709546102,0.13916000371682458,46.11999896913767,3.425455271251504,90.55815121892599,33.88071558256286
11:27:47.077460,41,-0.028561117895751054,2.900868536302717,1.7913877970234302,0.3480400092958007,37.239999167621136,3.409534314490907,90.56409955111795,31.695539711850007
11:27:47.077460,42,-0.02942625417711242,2.9495921667212124,1.6389750050061842,0.27832000743364915,12.999999709427357,3.374492394635533,90.57158554282584,29.058034852434837
11:27:47.077460,43,0.0,2.781906587989095,2.0228138317302755,0.13916000371682458,25.999999418854713,3.4395901008894136,90.0,36.02210649116932
11:27:47.077460,44,0.0,2.8438116959131925,1.9095380206185892,0.13916000371682458,36.51999918371439,3.425434339467132,90.0,33.880228382001704
11:27:47.077460,45,0.0,2.901006477056158,1.7913508359099424,0.3480400092958007,28.11999937146902,3.4095126333886827,90.0,31.695034700066408
11:27:47.077460,46,0.0,2.949734285796767,1.6389369243146603,0.27832000743364915,10.519999764859676,3.3744698248298146,90.0,29.05750809726273
11:27:47.077460,47,0.026811660189694175,2.7817770965377773,2.022848528860083,0.13916000371682458,22.639999493956566,3.4396102759841374,89.44778199311764,36.0225767389867
11:27:47.077460,48,0.027702782115453385,2.8436779006376938,1.9095738709546102,0.13916000371682458,28.759999357163906,3.425455271251504,89.44184878107401,33.88071558256286
11:27:47.077460,49,0.028561117895751054,2.900868536302717,1.7913877970234302,0.13916000371682458,21.639999516308308,3.409534314490907,89.43590044888207,31.695539711850007
11:27:47.077460,50,0.029537398796099026,2.9374340817928974,1.5506588616405188,0.27832000743364915,8.759999804198742,3.3217366463930267,89.42388111363812,27.828185404921335
11:27:47.077460,51,0.05540279397590464,2.8432765281906125,1.9096814183776696,0.13916000371682458,22.759999491274357,3.425518063744074,88.88370175184832,33.882177125112875
11:27:47.077460,52,0.05711937970364106,2.900454727836354,1.7914986766678132,0.13916000371682458,16.99999962002039,3.4095993548023373,88.87180572921255,31.697054683241106
11:27:47.077460,53,0.08309726560337481,2.842607618708858,1.9098606521331154,0.13916000371682458,18.35999958962202,3.425622708363945,88.32556309943536,33.88461283226848
11:27:47.077460,54,-0.1293146923679913,0.00993273234489437,1.7827718774042705,0.41748001115047373,4.999999888241291,1.7874832910261316,175.60770422419552,85.83909605972299
11:27:47.134134,1,-0.33947671519066847,3.1887324926511407,0.8278887339422099,-0.13916000371682458,8.879999801516533,3.311896602497463,96.07689556199284,14.475986021141626
11:27:47.134134,2,-0.30533478337094144,3.1799356455942482,0.7950584537794745,-0.13916000371682458,10.519999764859676,3.2920112370681998,95.4846788087221,13.975765376026835
11:27:47.134134,3,-0.310991201339225,3.238844902263747,0.7727365521031331,-0.13916000371682458,9.759999781847,3.344241858356915,95.4846788087221,13.359768647676532
11:27:47.134134,4,-0.2714856435562384,3.1827214974849505,0.7943119870151283,-0.13916000371682458,12.11999972909689,3.291557703873033,94.8755189833209,13.964340421968469
11:27:47.134134,5,-0.2765149961094879,3.2416823628919715,0.7719762568192452,-0.13916000371682458,11.359999746084213,3.3437871382686666,94.8755189833209,13.348229358000635
11:27:47.134134,6,-0.21172535600289216,2.7705842445285125,2.1362352847509296,0.06972000186215155,22.879999488592148,3.504920237925403,94.36999427785729,37.55307804779963
11:27:47.134134,7,-0.23760935540463057,3.185180257957352,0.7936531641321667,-0.06972000186215155,13.879999689757824,3.2911573688284896,94.2662714464158,13.954254969890211
11:27:47.134134,8,-0.24117388881869295,3.2058304326306732,0.6742949832843352,-0.13916000371682458,13.119999706745148,3.2848420558546376,94.30224436565676,11.845580474132136
11:27:47.134134,9,-0.18530602467103136,2.7725017747872984,2.1357214840666257,-0.06972000186215155,28.519999362528324,3.5046270374294965,93.82379757901428,37.54616813688178
11:27:47.134134,10,-0.18951903907090295,2.835535828437657,2.1388071720131436,-0.06972000186215155,23.879999466240406,3.556779023158291,93.82379757901428,36.965397713830136
11:27:47.134134,11,-0.20300456301293143,3.149645704217034,0.6978382377106487,-0.13916000371682458,15.119999662041664,3.2324073259272246,93.6877920614796,12.467634689715332
11:27:47.134134,12,-0.20676528311560932,3.2079938306845537,0.673715302522891,-0.13916000371682458,14.6399996727705,3.2844890940396723,93.6877920614796,11.836539855901858
11:27:47.134134,13,-0.15475114214215752,2.7096611139972384,2.159345523819865,0.06972000186215155,24.759999446570873,3.468282624000522,93.26866196829896,38.50609703974875
11:27:47.134134,14,-0.15886816289195305,2.7741640222847748,2.135276086192056,-0.06972000186215155,35.35999920964241,3.5043728511651797,93.27757988677826,37.54017798160243
11:27:47.134134,15,-0.16248010081535924,2.837235867866915,2.138351647820973,-0.06972000186215155,29.519999340176582,3.5565228697156113,93.27757988677826,36.959319057570475
11:27:47.134134,16,-0.1660669847716719,3.0930619082282615,0.7214884219714444,-0.06972000186215155,7.35999983549118,3.180433265233316,93.07326872697695,13.11182069510764
11:27:47.134134,17,-0.16920149291455705,3.151443336367754,0.6973565636275751,-0.13916000371682458,15.639999650418758,3.232109284101591,93.07326872697695,12.460058088220647
11:27:47.134134,18,-0.17233600105744226,3.2098247645072466,0.6732247052837057,-0.13916000371682458,15.639999650418758,3.284190344652515,93.07326872697695,11.828887395234778
11:27:47.134134,19,-0.12898293462998633,2.711031455748905,2.158978341854151,-0.06972000186215155,28.879999354481697,3.468070880486887,92.72391131736184,38.501128509508796
11:27:47.134134,20,-0.13241441442968543,2.7755708207975855,2.134899135666635,-0.06972000186215155,42.9999990388751,3.5041577130434476,92.73134417095756,37.53510825265052
11:27:47.134134,21,-0.13542491468585996,2.838674650565899,2.1379661271586965,-0.06972000186215155,36.11999919265509,3.556306066716004,92.73134417095756,36.95417441988556
11:27:47.134134,22,-0.14009799517010374,2.9050185287542085,2.024757886446855,-0.06972000186215155,28.519999362528324,3.543783938022278,92.76101836819511,34.84475269942201
11:27:47.134134,23,-0.13538150280864839,3.152914371502608,0.6969624009511532,-0.13916000371682458,15.359999656677246,3.231865370597917,92.45868614873734,12.45385722235353
11:27:47.134134,24,-0.13788948554355265,3.2113230510069033,0.6728232406260921,-0.13916000371682458,15.75999964773655,3.2839458523669887,92.45868614873734,11.822624444547014
11:27:47.134134,25,-0.10320182893241416,2.7121528313666317,2.158677870162969,-0.06972000186215155,32.63999927043915,3.467897597293837,92.17914631038786,38.497062600714536
11:27:47.134134,26,-0.10594742463691172,2.7767220296470585,2.134590670185099,-0.06972000186215155,49.63999889045954,3.50398165177213,92.18509341484742,37.530959517820804
11:27:47.134134,27,-0.08202098734652344,2.843590404484934,2.0521008702632133,-0.06972000186215155,42.75999904423952,3.507684679753744,91.65219074997842,35.80511145789301
11:27:47.134134,28,-0.08408121831087291,2.9071840058090386,2.0241776486187852,-0.06972000186215155,33.11999925971031,3.543456454942321,91.65663967969007,34.83700765617382
11:27:47.134134,29,-0.10154797466588154,3.1540586625193145,0.6966557890973204,-0.13916000371682458,14.239999681711197,3.231675622065847,91.84405614157511,12.449033188589892
11:27:47.134134,30,-0.10342918119663266,3.2124885403561296,0.6725109486961798,-0.13916000371682458,14.999999664723873,3.2837556537535946,91.84405614157511,11.817752111245753
11:27:47.134134,31,-0.1064498576714488,1.96492655549455,-0.9435767040722207,-0.20888000557897612,9.359999790787697,2.1823393267669773,93.10096639908058,-25.618021260253997
11:27:47.134134,32,-0.05161123636894914,2.713648260561392,2.1582771711178954,-0.06972000186215155,35.23999921232462,3.467666499122438,91.08958466883776,38.49164034194737
11:27:47.134134,33,-0.05298430882652346,2.778257243446569,2.1341793108873115,-0.06972000186215155,52.7599988207221,3.5037468485557848,91.09255876894233,37.52542678639726
11:27:47.134134,34,-0.05468521533968703,2.8442506502311757,2.0519239579487016,-0.06972000186215155,47.63999893516302,3.5075838070274354,91.10146623250394,35.80273685951195
11:27:47.134134,35,-0.05605881711625377,2.9078608358317504,2.0239962925607866,-0.06972000186215155,37.51999916136265,3.543354092359442,91.10443242792269,34.834586832226854
11:27:47.134134,36,-0.06770429181072513,3.15487609498973,0.6964367587270055,-0.13916000371682458,12.639999717473984,3.231540067022753,91.22939054291339,12.445586840291341
11:27:47.134134,37,-0.06886493308914234,3.19988263751802,0.6402146765480488,-0.13916000371682458,13.519999697804451,3.26402605764203,91.23287679074002,11.311480964909354
11:27:47.134134,38,-0.02580690851909,2.7140221645967606,2.1581769838335716,-0.06972000186215155,35.999999195337296,3.467608714950228,90.54479377445597,38.49028459024674
11:27:47.134134,39,-0.026493479076117408,2.7786410948765137,2.134076458206644,-0.06972000186215155,50.87999886274338,3.503688137954336,90.54628089300626,37.52404340975477
11:27:47.134134,40,-0.027421235138291644,2.845022028729012,2.02336800026569,-0.06972000186215155,48.75999891012907,3.491263429274427,90.55221800688237,35.41902472187039
11:27:47.134134,41,-0.02803081008688911,2.9082669609202463,2.0238874716712982,-0.06972000186215155,40.99999908357859,3.5432926692953903,90.55221800688237,34.83313422402068
11:27:47.134134,42,-0.02955028335661226,3.033323057177893,1.903543343589225,0.06972000186215155,7.759999826550484,3.5812566578474017,90.55815121892599,32.10885124139554
11:27:47.134134,43,-0.03443418823955866,3.2003815381100016,0.6400809965373238,-0.13916000371682458,11.879999734461308,3.263944145496867,90.61644447915043,11.30937546764437
11:27:47.134134,44,0.0,2.642706442198191,2.260352799558357,-0.13916000371682458,14.119999684393406,3.4775123462192226,90.0,40.540946560028175
11:27:47.134134,45,0.0,2.7141468034298097,2.1581435869589107,-0.06972000186215155,34.639999225735664,3.4675894527034377,90.0,38.48983265638799
11:27:47.134134,46,0.0,2.7787690496182846,2.134042172836919,-0.06972000186215155,44.87999899685383,3.5036685668828644,90.0,37.523582266979446
11:27:47.134134,47,0.0,2.845154464225727,2.0233325142812966,-0.06972000186215155,45.519998982548714,3.491243100766754,90.0,35.41854735751179
11:27:47.134134,48,0.0,2.9084023404623593,2.023851196832317,-0.06972000186215155,42.63999904692173,3.5432721940215846,90.0,34.832650002310714
11:27:47.134134,49,0.0,2.9702477488199737,1.905516075133395,0.06972000186215155,23.35999947786331,3.5289323033974314,90.0,32.68156769082402
11:27:47.134134,50,0.025538770694545354,2.7080585893178735,2.239517666733768,-0.13916000371682458,31.5199992954731,3.514210143346519,89.45967919480493,39.58890918396588
11:27:47.134134,51,0.026493479076117408,2.7786410948765137,2.134076458206644,-0.06972000186215155,37.35999916493893,3.503688137954336,89.45371910699374,37.52404340975477
11:27:47.134134,52,0.027421235138291644,2.845022028729012,2.02336800026569,-0.06972000186215155,39.35999912023544,3.491263429274427,89.44778199311764,35.41902472187039
11:27:47.134134,53,0.02803081008688911,2.9082669609202463,2.0238874716712982,0.06972000186215155,41.879999063909054,3.5432926692953903,89.44778199311764,34.83313422402068
11:27:47.134134,54,0.028934449609559303,2.970108004997827,1.9055535193776867,0.06972000186215155,22.879999488592148,3.528953524621579,89.44184878107401,32.682068945519376
11:27:47.134134,55,0.05107498753341765,2.707688570204039,2.2396168130565037,-0.13916000371682458,27.639999382197857,3.51426656884342,88.91936087063877,39.59024601197576
11:27:47.134134,56,0.05298430882652346,2.778257243446569,2.1341793108873115,-0.06972000186215155,30.119999326765537,3.5037468485557848,88.90744123105769,37.52542678639726
11:27:47.134134,57,0.05483972817604299,2.844624735482306,2.0234744546703034,-0.06972000186215155,32.51999927312136,3.4913244120544693,88.89556757207733,35.42045675911601
11:27:47.134134,58,0.05605881711625377,2.9078608358317504,2.0239962925607866,0.06972000186215155,38.87999913096428,3.543354092359442,88.89556757207733,34.834586832226854
11:27:47.134134,59,0.057277906056464545,2.971096936181194,2.0245181304512694,0.06972000186215155,21.87999951094389,3.595743514661939,88.89556757207733,34.265730925389825
11:27:47.134134,60,0.07660609691632728,2.70707191279401,2.239782045911528,-0.13916000371682458,23.759999468922615,3.5143606030557826,88.37904750641553,39.592473899195
11:27:47.134134,61,0.07946984019043717,2.7776175337132716,2.134350720593739,-0.06972000186215155,24.119999460875988,3.50384469084894,88.36116938700778,37.52773224186976
11:27:47.134134,62,0.08225273728692149,2.843962624214601,2.023651866849785,-0.06972000186215155,26.239999413490295,3.4914260408786277,88.34336032030994,35.422843301773234
11:27:47.134134,63,0.08408121831087291,2.9071840058090386,2.0241776486187852,0.06972000186215155,34.51999922841787,3.543456454942321,88.34336032030994,34.83700765617382
11:27:47.134134,64,0.08590969933482433,2.9704053874034764,2.024703430387786,0.06972000186215155,20.51999954134226,3.5958465794551726,88.34336032030994,34.268184781336615
11:27:47.134134,65,0.10594742463691172,2.7767220296470585,2.134590670185099,-0.06972000186215155,19.35999956727028,3.50398165177213,87.81490658515258,37.530959517820804
11:27:47.134134,66,0.10965752119298272,2.843035761136469,2.0239002190630644,0.13916000371682458,21.239999525249004,3.4915683020354233,87.79116381642534,35.4261840707671
11:27:47.134134,67,0.1120952114541043,2.906236538534547,2.02443152170984,0.06972000186215155,29.759999334812164,3.5435997432606046,87.79116381642534,34.840396411321244
11:27:47.134134,68,0.11453290171522587,2.9694373159326246,2.0249628243566162,0.06972000186215155,18.879999577999115,3.595990850774621,87.79116381642534,34.27161977398842
11:27:47.134134,69,0.14153644850189706,2.9036111674401597,1.9084430469078089,0.06972000186215155,25.239999435842037,3.477519984303253,87.2093276450433,33.284334229931204
11:27:47.188368,1,-0.4681375158791134,2.9008494909501072,0.4440927814200045,0.6263600167294499,26.87999939918518,2.9717501411505514,99.1673245171875,8.594366734863277
11:27:47.188368,2,-0.4806083568511288,2.9781259993654943,0.3331771514488617,0.20888000557897612,19.999999552965164,3.035000144154765,99.1673245171875,6.302535605566403
11:27:47.188368,3,-0.4297602716338,2.8435482272539665,0.4346408193017862,0.4872000130126253,28.639999359846115,2.908500138146337,98.59436673486327,8.594366734863279
11:27:47.188368,4,-0.4414087282708295,2.920621308240601,0.32623367374568524,0.20888000557897612,31.75999929010868,2.9717501411505505,98.59436673486327,6.302535605566404
11:27:47.188368,5,-0.4508035636584395,2.982783097673164,0.3331771514488617,0.20888000557897612,22.879999488592148,3.035000144154765,98.59436673486327,6.302535605566403
11:27:47.188368,6,-0.40130377608559115,2.8477035820276972,0.4346408193017862,0.4872000130126253,34.639999225735664,2.9085001381463367,98.02140895253906,8.594366734863279
11:27:47.188368,7,-0.4100307707004832,2.909631466354069,0.4440927814200045,0.6263600167294499,37.75999915599823,2.9717501411505514,98.02140895253906,8.594366734863277
11:27:47.188368,8,-0.42095369048706804,2.987141920170045,0.3331771514488617,0.20888000557897612,26.119999416172504,3.0350001441547647,98.02140895253906,6.302535605566403
11:27:47.188368,9,-0.37280715049598634,2.8515741688290346,0.4346408193017862,0.4872000130126253,42.35999905318022,2.9085001381463376,97.44845117021484,8.594366734863275
11:27:47.188368,10,-0.3809144402566434,2.913586225276838,0.4440927814200045,0.6263600167294499,45.11999899148941,2.9717501411505514,97.44845117021484,8.594366734863277
11:27:47.188368,11,-0.3910617222993232,2.9912020309775387,0.3331771514488617,0.20888000557897612,29.879999332129955,3.0350001441547647,97.44845117021484,6.302535605566403
11:27:47.188368,12,-0.3970969751543977,3.0373652312299635,0.4629593461223771,0.6263600167294499,12.519999720156193,3.0980001471471046,97.44845117021484,8.594366734863279
11:27:47.188368,13,-0.34427324450367003,2.855159600602539,0.4346408193017862,0.4872000130126253,51.879998840391636,2.908500138146337,96.87549338789063,8.594366734863279
11:27:47.188368,14,-0.35176001868790835,2.9172496280180833,0.4440927814200045,0.6263600167294499,53.87999879568815,2.971750141150551,96.87549338789063,8.594366734863277
11:27:47.188368,15,-0.3611306482669802,2.9949630240879657,0.3331771514488617,0.20888000557897612,33.7599992454052,3.0350001441547643,96.87549338789063,6.302535605566406
11:27:47.188368,16,-0.3667039750635619,3.0411842677210474,0.4629593461223771,0.6263600167294499,13.35999970138073,3.098000147147104,96.87549338789063,8.594366734863279
11:27:47.188368,17,-0.3157049114753358,2.8584595188080386,0.4346408193017862,0.4872000130126253,63.11999858915806,2.9085001381463367,96.3025356055664,8.594366734863279
11:27:47.188368,18,-0.3225704214120093,2.920621308240601,0.4440927814200045,0.4872000130126253,63.51999858021736,2.971750141150551,96.3025356055664,8.594366734863277
11:27:47.188368,19,-0.3294359313486829,2.982783097673164,0.4535447435382229,0.6263600167294499,37.63999915868044,3.035000144154765,96.3025356055664,8.594366734863279
11:27:47.188368,20,-0.33627430488244464,3.044699188333266,0.4629593461223771,0.4872000130126253,13.999999687075615,3.098000147147104,96.3025356055664,8.594366734863279
11:27:47.188368,21,-0.28710500822035184,2.8614735934564774,0.4346408193017862,0.4872000130126253,75.11999832093716,2.908500138146337,95.72957782324218,8.594366734863279
11:27:47.188368,22,-0.2933485673642189,2.9237009287791946,0.4440927814200045,0.4872000130126253,72.35999838262796,2.9717501411505514,95.72957782324218,8.594366734863277
11:27:47.188368,23,-0.2995921265080859,2.9859282641019114,0.4535447435382229,0.5566400148672983,40.23999910056591,3.035000144154765,95.72957782324218,8.594366734863279
11:27:47.188368,24,-0.30581100755257007,3.0479096415775033,0.4629593461223771,0.4872000130126253,14.359999679028988,3.0980001471471046,95.72957782324218,8.594366734863277
11:27:47.188368,25,-0.2298219337668948,2.8666430350766694,0.4346408193017862,0.4872000130126253,85.35999809205532,2.908500138146337,94.58366225859375,8.594366734863279
11:27:47.188368,26,-0.23481978053009098,2.9289827882032293,0.4440927814200045,0.4872000130126253,77.51999826729298,2.9717501411505514,94.58366225859375,8.594366734863277
11:27:47.188368,27,-0.23981762729328715,2.9913225413297893,0.4535447435382229,0.4872000130126253,40.759999088943005,3.0350001441547647,94.58366225859375,8.594366734863279
11:27:47.188368,28,-0.24479571972145095,3.053415892270078,0.4629593461223771,0.4872000130126253,14.119999684393406,3.098000147147104,94.58366225859375,8.594366734863279
11:27:47.188368,29,-0.20114449082787514,2.8687978851085916,0.4346408193017862,0.4872000130126253,90.35999798029661,2.9085001381463367,94.01070447626952,8.594366734863279
11:27:47.188368,30,-0.2055187005734014,2.9311844989071543,0.4440927814200045,0.4872000130126253,75.99999830126762,2.9717501411505514,94.01070447626952,8.594366734863277
11:27:47.188368,31,-0.20989291031892765,2.9935711127057165,0.4535447435382229,0.4872000130126253,38.359999142587185,3.0350001441547647,94.01070447626952,8.594366734863279
11:27:47.188368,32,-0.2142498306978708,3.0557111390979603,0.4629593461223771,0.4872000130126253,13.519999697804451,3.0980001471471046,94.01070447626952,8.594366734863279
11:27:47.188368,33,-0.17126676029229956,2.851019911181865,0.5492961099996901,0.4872000130126253,87.99999803304672,2.908500138146337,93.43774669394531,10.886197864160152
11:27:47.188368,34,-0.17619706891883827,2.9330930936169373,0.4440927814200045,0.4872000130126253,67.75999848544598,2.9717501411505514,93.43774669394531,8.594366734863277
11:27:47.188368,35,-0.1799472042293848,2.9955203294783894,0.4535447435382229,0.4872000130126253,33.359999254345894,3.0350001441547647,93.43774669394531,8.594366734863279
11:27:47.188368,36,-0.1836825168707196,3.05770081737201,0.4629593461223771,0.4872000130126253,12.11999972909689,3.0980001471471046,93.43774669394531,8.594366734863279
11:27:47.188368,37,-0.1661197492799465,2.765339357323974,0.6486530654058987,0.4872000130126253,31.359999299049377,2.8452501351421233,93.43774669394531,13.178028993457026
11:27:47.188368,38,-0.14274847371904012,2.8525900004009257,0.5492961099996901,0.4872000130126253,79.35999822616577,2.908500138146337,92.86478891162109,10.886197864160152
11:27:47.188368,39,-0.1468578177050013,2.934708381474706,0.4440927814200045,0.4872000130126253,55.99999874830246,2.9717501411505514,92.86478891162109,8.594366734863277
11:27:47.188368,40,-0.14998350357017884,2.997169996727764,0.4535447435382229,0.4872000130126253,27.119999393820763,3.0350001441547643,92.86478891162109,8.594366734863279
11:27:47.188368,41,-0.1530968349457707,3.0593847281260667,0.4629593461223771,0.4872000130126253,10.519999764859676,3.098000147147104,92.86478891162109,8.594366734863279
11:27:47.188368,42,-0.11421591241800354,2.853874833009849,0.5492961099996901,0.4872000130126253,67.75999848544598,2.908500138146337,92.29183112929687,10.886197864160152
11:27:47.188368,43,-0.11669972072484168,2.9159369210923223,0.5612414354105482,0.13916000371682458,44.23999901115894,2.9717501411505514,92.29183112929687,10.886197864160152
11:27:47.188368,44,-0.1200048046862722,2.9985199494884975,0.4535447435382229,0.4872000130126253,21.239999525249004,3.035000144154765,92.29183112929687,8.594366734863279
11:27:47.188368,45,-0.12249584346559184,3.0607627029704663,0.4629593461223771,0.4872000130126253,8.879999801516533,3.0980001471471046,92.29183112929687,8.594366734863279
11:27:47.188368,46,-0.13538150280864839,3.382732366630839,-0.4426033826246617,-0.13916000371682458,7.519999831914902,3.414250162168173,92.29183112929687,-7.448451170214841
11:27:47.188368,47,-0.08567192962141536,2.8548742805264498,0.5492961099996901,0.4872000130126253,55.99999874830246,2.908500138146337,91.71887334697266,10.886197864160152
11:27:47.188368,48,-0.08753500321555478,2.9169581031990637,0.5612414354105482,0.13916000371682458,34.35999923199415,2.971750141150551,91.71887334697266,10.886197864160152
11:27:47.188368,49,-0.08939807680969421,2.979041925871678,0.5731867608214061,0.13916000371682458,16.519999630749226,3.035000144154765,91.71887334697266,10.88619786416015
11:27:47.188368,50,-0.09188260250369358,3.077327815819012,1.6547232804441894,0.4872000130126253,7.35999983549118,3.4952107280534945,91.7102246052803,28.256909847604767
11:27:47.188368,51,-0.10378824230566026,3.250867894413921,0.7695150010658884,0.06972000186215155,13.759999692440033,3.3423146774409997,91.82862214929027,13.31085791590861
11:27:47.188368,52,-0.05298430882652346,2.778257243446569,2.1341793108873115,-0.06972000186215155,16.519999630749226,3.5037468485557848,91.09255876894233,37.52542678639726
11:27:47.188368,53,-0.0566343998871518,2.9064826578481324,1.9076736333719189,0.20888000557897612,45.87999897450209,3.477077449106497,91.1162982481517,33.27395559660089
11:27:47.188368,54,-0.05836153227928324,2.963529770482271,1.7869644807933898,0.13916000371682458,26.99999939650297,3.4610918544011335,91.12819427078745,31.084441724997628
11:27:47.188368,55,-0.059603684854925426,3.026604813128188,1.7824302849189662,0.13916000371682458,12.879999712109566,3.5129684050237784,91.12819427078745,30.489855552116047
11:27:47.188368,56,-0.07984670893545757,1.965826306297548,-0.9438177915732728,-0.3480400092958007,12.359999723732471,2.1821183714797723,92.32592577877696,-25.627823920770247
11:27:47.188368,57,-0.02494462733953662,2.6450573182284556,2.2339454396364213,-0.06972000186215155,13.759999692440033,3.462291535734589,90.54032080519507,40.182295672336444
11:27:47.188368,58,-0.02580690851909,2.7140221645967606,2.1581769838335716,-0.06972000186215155,21.519999518990517,3.467608714950228,90.54479377445597,38.49028459024674
11:27:47.188368,59,-0.028318615862506342,2.9068929528177603,1.9075636951661485,0.20888000557897612,37.51999916136265,3.4770142125481533,90.55815121892599,33.27247257289429
11:27:47.188368,60,-0.029182225238679114,2.9639525778778064,1.7868511898932022,0.13916000371682458,21.639999516308308,3.4610263883711037,90.56409955111795,31.082905162017717
11:27:47.188368,61,-0.02980333258160717,3.027036619452896,1.7823145827629743,0.13916000371682458,10.359999768435955,3.512902532959225,90.56409955111795,30.4882982259299
11:27:47.188368,62,0.0,1.8498446791717837,-1.0930392653199834,0.27832000743364915,7.1199998408555984,2.148641471393357,90.0,-30.57806126527717
11:27:47.254899,1,-0.48909287088401115,2.8348007517633236,1.5709709624631532,0.6958000185841229,24.879999443888664,3.277690788260826,99.78896505353252,28.63917140913315
11:27:47.254899,2,-0.4997289802473991,2.896448043339404,1.5616410375450835,0.3480400092958007,41.51999907195568,3.328342387977633,99.78896505353252,27.982043829060153
11:27:47.254899,3,-0.510365089610787,2.9580953349154844,1.552311112627014,0.3480400092958007,39.759999111294746,3.3794186372107697,99.78896505353252,27.344698046552644
11:27:47.254899,4,-0.4605764105112053,2.839387340309105,1.5697419897662972,0.6958000185841229,31.75999929010868,3.276940800909051,99.21368520442383,28.62185058398705
11:27:47.254899,5,-0.470592383681167,2.9011343746135747,1.5603853388647047,0.3480400092958007,53.23999880999327,3.3275877534465024,99.21368520442383,27.964465488320457
11:27:47.254899,6,-0.4806083568511288,2.9628814089180446,1.5510286879631123,0.3480400092958007,49.359998896718025,3.378659590262371,99.21368520442383,27.32687262607473
11:27:47.254899,7,-0.4905847411943318,3.024384383798386,1.5417090198714076,0.27832000743364915,23.999999463558197,3.429933088444891,99.21368520442383,26.710750589820826
11:27:47.254899,8,-0.4320138928832195,2.843698256268826,1.5685868833162515,0.6958000185841229,41.879999063909054,3.276235734324114,98.63830767815763,28.60556768033005
11:27:47.254899,9,-0.4414087282708295,2.905539038358908,1.559205112771212,0.3480400092958007,70.51999842375517,3.3268783194630323,98.63830767815763,27.947940444627683
11:27:47.254899,10,-0.4508035636584395,2.9673798204489903,1.5498233422261727,0.3480400092958007,63.23999858647585,3.3779460096224354,98.63830767815763,27.310115258168768
11:27:47.254899,11,-0.4601612653093396,3.0289761725703364,1.5404786537781492,0.27832000743364915,29.23999934643507,3.4292155847709656,98.63830767815763,26.693771193247077
11:27:47.254899,12,-0.46955610069694953,3.090816954660418,1.5310968832331098,0.27832000743364915,7.879999823868275,3.481075989513037,98.63830767815763,26.093314109608748
11:27:47.254899,13,-0.4034081742278871,2.847733068554504,1.5675057586226928,0.3480400092958007,56.99999872595072,3.2755756880414215,98.06283833046083,28.590324904445094
11:27:47.254899,14,-0.41218093235747755,2.9096615941127206,1.5581004772862257,0.3480400092958007,96.87999783456326,3.3262141859136527,98.06283833046083,27.932470947389266
11:27:47.254899,15,-0.42095369048706804,2.971590119670937,1.5486951959497586,0.3480400092958007,84.23999811708927,3.3772779954896333,98.06283833046083,27.29442823305343
11:27:47.254899,16,-0.42969177368333994,3.0332738684482905,1.5393270896383369,0.27832000743364915,36.87999917566776,3.4285438994238975,98.06283833046083,26.677876282723478
11:27:47.254899,17,-0.43846453181293044,3.095202394006507,1.5299218083018695,0.27832000743364915,8.999999798834324,3.480400802355845,98.06283833046083,26.077218954492167
11:27:47.254899,18,-0.3646998607353292,2.804557062391002,1.6887090960232618,0.41748001115047373,23.11999948322773,3.293977036292044,97.40907064108201,30.84155544916821
11:27:47.254899,19,-0.3747621150931076,2.8514913736882908,1.566498723797185,0.3480400092958007,80.11999820917845,3.2749607553047113,97.4872830648585,28.576124323803622
11:27:47.254899,20,-0.3829119186962154,2.913501629622891,1.5570715428723687,0.3480400092958007,138.51999690383673,3.325595446370138,97.4872830648585,27.918059104506224
11:27:47.254899,21,-0.3910617222993232,2.9755118855574905,1.5476443619475526,0.3480400092958007,116.63999739289284,3.3766556417274254,97.4872830648585,27.279813696888898
11:27:47.254899,22,-0.39917931323996814,3.037277041666262,1.5382544426074194,0.27832000743364915,48.119998924434185,3.427918126524196,97.4872830648585,26.663068040455016
11:27:47.254899,23,-0.40732911684307593,3.0992872976008625,1.528827261682603,0.27832000743364915,10.359999768435955,3.4797717681713185,97.4872830648585,26.062224128025544
11:27:47.254899,24,-0.3367864703194317,2.807945009367986,1.6878012983667794,0.41748001115047373,27.99999937415123,3.293425803778398,96.83941553910618,30.82888827196997
11:27:47.254899,25,-0.3460785800607948,2.8549727958428197,1.565565879542367,0.3480400092958007,114.9999974295497,3.2743910230402733,96.91164782962441,28.562967866368027
11:27:47.254899,26,-0.3536046141638875,2.917058760889084,1.5561184124222207,0.3480400092958007,203.6399954482913,3.3250221880638935,96.91164782962441,27.904706881658324
11:27:47.254899,27,-0.3611306482669802,2.979144725935347,1.5466709453020746,0.3480400092958007,167.639996252954,3.376079035838429,96.91164782962441,27.266273651046046
11:27:47.254899,28,-0.368626935199705,3.0409852919102827,1.5372608199492017,0.27832000743364915,64.87999854981899,3.4273383538133912,96.91164782962441,26.649348501436577
11:27:47.254899,29,-0.3761529693027978,3.103071256956546,1.5278133528290554,0.27832000743364915,12.11999972909689,3.4791889749118186,96.91164782962441,26.04833169711521
11:27:47.254899,30,-0.37434215749537536,3.2297182891600156,0.957938633451751,-0.06972000186215155,10.119999773800373,3.389521898981094,96.611396054501,16.416495137715774
11:27:47.254899,31,-0.30883940153866224,2.8110631688017356,1.6869657900646349,0.41748001115047373,33.87999924272299,3.2929183852298576,96.26969512183285,30.817228378126124
11:27:47.254899,32,-0.2886105590821855,2.8611036263797947,1.5639231284510526,0.3480400092958007,161.99999637901783,3.2733874759034363,95.76016144860942,28.539794331550613
11:27:47.254899,33,-0.2948868588456197,2.923322916174714,1.554439937072173,0.3480400092958007,291.9999934732914,3.3240124322446527,95.76016144860942,27.88118844371709
11:27:47.254899,34,-0.30116315860905385,2.985542205969633,1.5449567456932936,0.3480400092958007,240.11999463289976,3.3750633857444243,95.76016144860942,27.2424243078101
11:27:47.254899,35,-0.30741465086354164,3.047515569717932,1.535511037284291,0.27832000743364915,88.87999801337719,3.426317127888288,95.76016144860942,26.62518293294437
11:27:47.254899,36,-0.31369095062697583,3.1097348595128507,1.5260278459054115,0.27832000743364915,14.6399996727705,3.478162430861068,95.76016144860944,26.023861537832683
11:27:47.254899,37,-0.34043026984497976,3.23317040358796,0.9570136421786035,-0.06972000186215155,12.23999972641468,3.38897606049081,96.01069806712273,16.40291150344702
11:27:47.254899,38,-0.3465459953354304,3.2822417746529537,0.9046451695391196,-0.06972000186215155,15.359999656677246,3.4222197587137004,96.02707940715774,15.328009974621795
11:27:47.254899,39,-0.2808614490764848,2.8139112288789185,1.6862026546669582,0.3480400092958007,39.87999910861254,3.2924548516561476,95.69991470625239,30.806577286562685
11:27:47.254899,40,-0.2598318198898403,2.863752421684323,1.563213385888289,0.3480400092958007,203.3599954545498,3.2729538030883383,95.18432239529466,28.529780406907438
11:27:47.254899,41,-0.2654822797860179,2.9260293137838698,1.5537147600184023,0.3480400092958007,359.99999195337296,3.3235760772851175,95.18432239529466,27.871025443096702
11:27:47.254899,42,-0.2711327396821954,2.9883062058834176,1.5442161341485154,0.3480400092958007,303.8799932077527,3.374624484533576,95.18432239529466,27.232118283302594
11:27:47.254899,43,-0.27676086574479125,3.050336944259251,1.534755052254399,0.27832000743364915,114.51999744027853,3.42587581805603,95.18432239529466,26.614740231380665
11:27:47.254899,44,-0.28241132564096877,3.1126138363587987,1.525256426384512,0.27832000743364915,17.519999608397484,3.477718823793807,95.18432239529466,26.01328718958755
11:27:47.254899,45,-0.3064843394528124,3.2362947871973193,0.9561764661136307,-0.06972000186215155,14.759999670088291,3.3884819660608967,95.4099037669878,16.39061487037092
11:27:47.254899,46,-0.3119902367047489,3.2854222868565492,0.9037929538626488,-0.06972000186215155,18.999999575316906,3.421721673985857,95.42465412879145,15.315499927450139
11:27:47.254899,47,-0.31694948910033977,3.3101080025766936,0.7835955499590626,-0.06972000186215155,18.35999958962202,3.4163275535696047,95.46951099087201,13.259854615234241
11:27:47.254899,48,-0.22482408700369863,2.818795938787289,1.68489380059175,0.3480400092958007,45.11999899148941,3.291659692904671,94.56019530880762,30.788306933329764
11:27:47.254899,49,-0.2310270977331934,2.8661231079150666,1.5625781624272537,0.3480400092958007,202.99999546259642,3.272565614820622,94.6084275510026,28.5208169098743
11:27:47.254899,50,-0.23630005454733877,2.9238013361924438,1.523715492453801,0.3480400092958007,334.6399925202131,3.3054743791540004,94.62057141415313,27.449541137797905
11:27:47.254899,51,-0.24132940710058826,2.986030808561981,1.5135783695120002,0.3480400092958007,287.99999356269836,3.3564176368663428,94.62057141415313,26.804686432760874
11:27:47.254899,52,-0.24607940477133683,3.052862089847302,1.5340784415333097,0.3480400092958007,119.99999731779099,3.425480795137628,94.6084275510026,26.605392887740138
11:27:47.254899,53,-0.25110345975900217,3.1151905363233636,1.5245660017098697,0.27832000743364915,19.999999552965164,3.4773217450605864,94.6084275510026,26.003821995984847
11:27:47.254899,54,-0.2723577703494619,3.22846066546763,0.9229822906172931,-0.06972000186215155,17.639999605715275,3.368832636438707,94.82213978213355,15.901052806235151
11:27:47.254899,55,-0.27677860625370077,3.2538182293415243,0.804563706298397,-0.06972000186215155,23.759999468922615,3.3632220003989577,94.86203031678974,13.840749778318699
11:27:47.254899,56,-0.2818127534414927,3.312999826180015,0.7828206881598991,-0.06972000186215155,22.639999493956566,3.4158739007876484,94.86203031678974,13.24829496966755
11:27:47.254899,57,-0.22328546069865352,2.8292877441461393,1.7982011016102568,0.06972000186215155,48.119998924434185,3.3597995085968004,94.5123912689794,32.35821087605152
11:27:47.254899,58,-0.2021992730603278,2.8682154480053903,1.5620175215897603,0.3480400092958007,161.63999638706446,3.272222966112839,94.03248304109613,28.512905062009214
11:27:47.254899,59,-0.2068142643109646,2.9259414318016868,1.523142055563579,0.3480400092958007,245.87999450415373,3.305127399009399,94.04311223220073,27.441464024986942
11:27:47.254899,60,-0.21121604851813833,2.9882164534426248,1.5129927277312905,0.3480400092958007,207.23999536782503,3.3560686503622965,94.04311223220073,26.7964950390383
11:27:47.254899,61,-0.21560043436876195,3.0502453287529656,1.5028835158192875,0.3480400092958007,94.11999789625406,3.4072186567639933,94.04311223220073,26.173325178018178
11:27:47.254899,62,-0.2197704837414342,3.1174647017387103,1.5239566409233727,0.27832000743364915,20.119999550282955,3.4769712503161743,94.03248304109614,25.995467266742473
11:27:47.254899,63,-0.23837265722219433,3.2309273245193375,0.922321351316385,-0.06972000186215155,20.51999954134226,3.3684402288197037,94.21954615628346,15.891264920582687
11:27:47.254899,64,-0.2422418561816533,3.256324926519867,0.8038920388137907,-0.06972000186215155,29.35999934375286,3.362822557618695,94.25446410237097,13.830640684563493
11:27:47.254899,65,-0.2466478367434044,3.315552116053263,0.7821368041495123,-0.06972000186215155,27.759999379515648,3.415473462060668,94.25446410237097,13.23809066372199
11:27:47.254899,66,-0.25081470802615174,3.3621995019926176,0.7266093588730553,0.13916000371682458,17.519999608397484,3.4489497922358283,94.2662714464158,12.16194352470961
11:27:47.254899,67,-0.16754228974442678,2.833062976081491,1.797189531261939,0.06972000186215155,47.75999893248081,3.3591972934875427,93.38442836200673,32.34429457867405
11:27:47.254899,68,-0.17335122862955898,2.870029232723037,1.5615315194394228,0.3480400092958007,115.11999742686749,3.2719259055417123,93.45649501686891,28.50604594214584
11:27:47.254899,69,-0.17730779282142856,2.9277966142972573,1.5226449609120785,0.3480400092958007,166.23999628424644,3.3048265832077535,93.46560821282254,27.434461597898448
11:27:47.254899,70,-0.18108156850779364,2.9901111211885847,1.5124850530388352,0.4872000130126253,134.35999699681997,3.3557660954206545,93.46560821282254,26.789393527190853
11:27:47.254899,71,-0.1848404280847264,3.052179325681132,1.5023653029042212,0.4872000130126253,61.99999861419201,3.4069144578841963,93.46560821282254,26.166129011615187
11:27:47.254899,72,-0.1884155308596161,3.119436105190201,1.52342840496059,0.27832000743364915,17.23999961465597,3.476667388703453,93.45649501686891,25.988224158569636
11:27:47.254899,73,-0.200929343885408,3.2221586437215786,1.1019336660507864,-0.06972000186215155,4.999999888241291,3.4112954622723652,93.56826494651699,18.84596216939825
11:27:47.254899,74,-0.20436370702891343,3.2330655947328286,0.9217484035394805,-0.06972000186215155,22.639999493956566,3.3681000258340488,93.61688307813631,15.882778825024797
11:27:47.254899,75,-0.20768088212693817,3.258497904543312,0.803309791107238,-0.06972000186215155,35.23999921232462,3.362476254667523,93.64682295088535,13.821875997718093
11:27:47.254899,76,-0.21145825546828362,3.317764616969585,0.7815439663157306,-0.06972000186215155,33.519999250769615,3.415126296157369,93.64682295088535,13.229243427016984
11:27:47.254899,77,-0.21503063357564686,3.364449380923899,0.7260065056303506,0.13916000371682458,19.759999558329582,3.4486001879592747,93.65694707043968,12.15294956881528
11:27:47.254899,78,-0.139644179078253,2.83454658513037,1.7967919994154085,0.06972000186215155,44.11999901384115,3.358960602506064,92.82040118512772,32.338825223688396
11:27:47.254899,79,-0.144485849221161,2.8715642806910546,1.5611202045760493,0.3480400092958007,80.63999819755554,3.271674475234579,92.88046965234024,28.50024048602392
11:27:47.254899,80,-0.14778359070115898,2.9293666981624593,1.5222242582083485,0.4872000130126253,113.23999746888876,3.304571974441125,92.88806571817204,27.428534825492413
11:27:47.254899,81,-0.1509289804923084,2.991714622334673,1.5120553962016785,0.4872000130126253,88.11999803036451,3.3555100148600596,92.88806571817204,26.783382883862767
11:27:47.254899,82,-0.15406193791274184,3.053816112023992,1.5019267273254695,0.4872000130126253,39.639999113976955,3.4066569861119502,92.88806571817204,26.16003824775764
11:27:47.254899,83,-0.15704173658256668,3.1211045495391425,1.5229813466446747,0.41748001115047373,13.35999970138073,3.4764102028400545,92.88046965234024,25.982093674764478
11:27:47.254899,84,-0.17033432063614573,3.234875262282873,0.9212635045808772,-0.06972000186215155,23.11999948322773,3.367812077326896,93.01416040772226,15.875595915923794
11:27:47.254899,85,-0.17309914015800557,3.2603369461158778,0.8028170214030217,-0.06972000186215155,39.759999111294746,3.3621831426003657,93.03911750123748,13.814457204402316
11:27:47.254899,86,-0.17624752854477588,3.3196371076807463,0.7810422339418404,-0.06972000186215155,38.99999912828207,3.4148324540466097,93.03911750123748,13.221754760144945
11:27:47.254899,87,-0.17922505624193724,3.3663535055138505,0.7254962969841849,0.06972000186215155,21.87999951094389,3.448304282079538,93.04755676435083,12.145336687659093
11:27:47.254899,88,-0.11078342757390358,2.8416712390828183,1.9101115542977218,0.06972000186215155,38.6399991363287,3.425769190812067,92.23256299422651,33.888022408447775
11:27:47.254899,89,-0.11560602134889122,2.872820438405933,1.5607836181307817,0.3480400092958007,57.759998708963394,3.2714687108576155,92.3044131410353,28.49548948596826
11:27:47.254899,90,-0.11824461034563248,2.9306515263902226,1.5218799895223067,0.4872000130126253,80.11999820917845,3.3043636088538366,92.31049113031442,27.423684528233203
11:27:47.254899,91,-0.12076129970522237,2.993026796532119,1.5117038001851437,0.4872000130126253,60.63999864459038,3.355300444931872,92.31049113031442,26.77846394449485
11:27:47.254899,92,-0.12326804167603916,3.055155524104285,1.5015678329402227,0.4872000130126253,26.519999407231808,3.406446277792205,92.31049113031442,26.15505373598407
11:27:47.254899,93,-0.1256522382634287,3.1224698679424976,1.5226155106810844,0.41748001115047373,10.119999773800373,3.476199728806742,92.3044131410353,25.977076664864807
11:27:47.254899,94,-0.13598099982408546,3.2025143337306523,0.8241959007547408,-0.06972000186215155,21.87999951094389,3.3096658098491396,92.4313584229291,14.41993812484099
11:27:47.254899,95,-0.13850008842007971,3.261841867334947,0.8024137789776997,-0.06972000186215155,41.11999908089638,3.3619432646439433,92.4313584229291,13.808385563671026
11:27:47.254899,96,-0.1408848671931684,3.308805022172228,0.7474535805462401,-0.06972000186215155,42.63999904692173,3.395103249626967,92.43811146846963,12.718217058119334
11:27:47.254899,97,-0.14340155655275827,3.367911685351609,0.725078783954995,0.06972000186215155,23.11999948322773,3.448062118015179,92.43811146846963,12.13910618573386
11:27:47.254899,98,-0.10353866309547223,2.713592026636571,2.131530691792142,0.06972000186215155,10.87999975681305,3.4522058211863698,92.18509341484742,38.129445158976864
11:27:47.254899,99,-0.08019765813128132,2.780377297347188,2.050942666223446,0.06972000186215155,19.63999956101179,3.455907319374918,91.65219074997842,36.40292479687113
11:27:47.254899,100,-0.08309726560337481,2.842607618708858,1.9098606521331154,0.06972000186215155,32.63999927043915,3.425622708363945,91.67443690056464,33.88461283226848
11:27:47.254899,101,-0.08671463297134138,2.873797580252952,1.5605217937619822,0.3480400092958007,42.75999904423952,3.2713086416058625,91.72833169275327,28.4917935906166
11:27:47.254899,102,-0.0886003818231335,2.936292920445835,1.550964634901898,0.4872000130126253,58.87999868392944,3.321920745748747,91.72833169275327,27.832472936553835
11:27:47.254899,103,-0.09058154288933973,2.994047512564603,1.5114303001485383,0.4872000130126253,43.99999901652336,3.3551374153100793,91.73289084792756,26.774637393030897
11:27:47.254899,104,-0.092461818738443,3.056197427981924,1.5012886556376182,0.4872000130126253,18.879999577999115,3.4062823626754666,91.73289084792756,26.151176171780865
11:27:47.254899,105,-0.09425017482573594,3.12353192386957,1.5223309336531086,0.41748001115047373,7.999999821186066,3.476035996137578,91.72833169275327,25.973173824351832
11:27:47.254899,106,-0.1019976498908783,3.203663691902288,0.8238879311608367,-0.06972000186215155,19.35999956727028,3.3094797014800896,91.82355641099667,14.415261449884824
11:27:47.254899,107,-0.10388718678934737,3.26301251770966,0.8021001041551761,-0.06972000186215155,38.519999139010906,3.3617566561835917,91.82355641099667,13.803662106442145
11:27:47.254899,108,-0.10567597956686314,3.3099958295172085,0.7471345046798115,-0.06972000186215155,42.87999904155731,3.3949152820301536,91.82862214929027,12.71341260513061
11:27:47.254899,109,-0.10756371682806604,3.369123764620495,0.7247540082937345,0.06972000186215155,23.519999474287033,3.4478737313083667,91.82862214929027,12.134259131169005
11:27:47.254899,110,-0.05540279397590464,2.8432765281906125,1.9096814183776696,0.06972000186215155,27.119999393820763,3.425518063744074,91.1162982481517,33.882177125112875
11:27:47.254899,111,-0.057814573203144023,2.8744956085187465,1.5603347576518685,0.3480400092958007,32.63999927043915,3.271194290195056,91.15223153032491,28.489153304696618
11:27:47.254899,112,-0.0590718438770649,2.9370061284564497,1.5507735313914184,0.4872000130126253,44.87999899685383,3.3218056877237703,91.15223153032491,27.82979332123531
11:27:47.254899,113,-0.06032911455098577,2.9995166483941533,1.541212305130968,0.4872000130126253,33.359999254345894,3.3728437698095823,91.15223153032491,27.190305715577015
11:27:47.254899,114,-0.06158141577560261,3.061780091177953,1.531688870278662,0.4872000130126253,14.359999679028988,3.4240853366757853,91.15223153032491,26.572372986981403
11:27:47.254899,115,-0.06283868644952348,3.1242906111156565,1.5221276440182119,0.41748001115047373,6.5199998542666435,3.475919027811864,91.15223153032491,25.970385694407536
11:27:47.254899,116,-0.06800410027813578,3.204484744131062,0.823667930879193,-0.06972000186215155,16.359999634325504,3.3093467472270364,91.21572218092905,14.411920400201696
11:27:47.254899,117,-0.06926389652697287,3.2638487801759593,0.8018760283026709,-0.06972000186215155,33.2399992570281,3.361623344752452,91.21572218092905,13.800287635027916
11:27:47.254899,118,-0.07045652443113665,3.310846491259357,0.7469065705529707,-0.06972000186215155,39.759999111294746,3.3947809996602887,91.2190997942713,12.709980263919567
11:27:47.254899,119,-0.07146701843328794,3.33021115804144,0.6239900647146894,0.06972000186215155,22.639999493956566,3.3889198120832096,91.22939054291339,10.610211793443893
11:27:47.254899,120,-0.0789708935207185,1.8811650644553373,-1.147015322223489,-0.41748001115047373,5.999999865889549,2.2046910330398153,92.40385271541149,-31.349777551181734
11:27:47.254899,121,-0.030166065566134617,2.999953710184721,1.541095194777143,0.4872000130126253,26.519999407231808,3.372774326000483,90.5761188863619,27.188675157739194
11:27:47.254899,122,-0.030792247487276787,3.0622262254208454,1.5315693289685632,0.4872000130126253,11.519999742507935,3.424015512172474,90.5761188863619,26.57072079316981
11:27:47.254899,123,-0.031420914257312374,3.1247458538126685,1.5220056621051872,0.41748001115047373,5.359999880194664,3.475848840247872,90.5761188863619,25.96871266172561
11:27:47.254899,124,-0.03400375031233932,3.20497740831244,0.8235359219096532,-0.06972000186215155,13.519999697804451,3.3092669667924963,90.60786646356857,14.40991554331135
11:27:47.254899,125,-0.03463367993297503,3.2643505711082983,0.8017415738275813,-0.06972000186215155,27.359999388456345,3.3615433500230667,90.60786646356857,13.798262722769673
11:27:47.254899,126,-0.03523002370199555,3.311356922333213,0.7467698009589394,-0.06972000186215155,34.35999923199415,3.3947004223168773,90.60955540660932,12.70792062350817
11:27:47.254899,127,-0.03573529596647276,3.3307289097650563,0.6238513335584668,0.06972000186215155,20.87999953329563,3.3888379377162914,90.61470120714849,10.608084757894433
11:27:47.254899,128,0.0,3.2051416351804156,0.8234919174530035,-0.06972000186215155,10.99999975413084,3.30924037200041,90.0,14.4092472198293
11:27:47.254899,129,0.0,3.2523717833292873,0.7691120352455099,-0.06972000186215155,21.99999950826168,3.3420735389509337,90.0,13.304736989896103
11:27:47.254899,130,0.0,3.311527071696096,0.7467242095745621,0.06972000186215155,28.519999362528324,3.394673561882037,90.0,12.707234037418143
11:27:47.254899,131,0.03460069404044046,3.252204673420531,0.7691568122106083,0.06972000186215155,17.639999605715275,3.34210033476202,89.39044459339068,13.305417170627392
11:27:47.254899,132,0.03523002370199555,3.311356922333213,0.7467698009589394,0.06972000186215155,23.23999948054552,3.3947004223168773,89.39044459339068,12.70792062350817
11:27:47.254899,133,0.06919792804046535,3.2517033604051155,0.7692911386282442,0.06972000186215155,14.239999681711197,3.3421807182267917,88.7809002057287,13.307457596050748
11:27:47.254899,134,0.07021277622576699,3.271766137024204,0.6481389627187946,0.06972000186215155,18.999999575316906,3.336085671009935,88.77060945708662,11.202740482516715
11:27:47.308127,1,-0.4806083568511288,2.9628814089180446,1.5510286879631123,0.20888000557897612,10.519999764859676,3.378659590262371,99.21368520442383,27.32687262607473
11:27:47.308127,2,-0.4508035636584395,2.9673798204489903,1.5498233422261727,0.20888000557897612,12.639999717473984,3.3779460096224354,98.63830767815763,27.310115258168768
11:27:47.308127,3,-0.4577608119379448,3.045434649389104,1.6632690286331546,0.5566400148672983,9.759999781847,3.5000972881130177,98.54816381209487,28.37279694112096
11:27:47.308127,4,-0.4100307707004832,2.9254278479587756,1.6758926491201211,0.6263600167294499,16.8799996227026,3.3963023272242423,97.97865514637898,29.56734643152198
11:27:47.308127,5,-0.42095369048706804,2.971590119670937,1.5486951959497586,0.20888000557897612,15.239999659359455,3.3772779954896333,98.06283833046083,27.29442823305343
11:27:47.308127,6,-0.42745026588040613,3.049709926129818,1.6621234716830606,0.5566400148672983,11.119999751448631,3.499442641115256,97.97865514637898,28.357270240474968
11:27:47.308127,7,-0.3809144402566434,2.9292478517390252,1.6748690821921193,0.6263600167294499,19.999999552965164,3.3956995200100963,97.40907064108201,29.553261318841923
11:27:47.308127,8,-0.3910617222993232,2.9755118855574905,1.5476443619475526,0.20888000557897612,18.759999580681324,3.3766556417274254,97.4872830648585,27.279813696888898
11:27:47.308127,9,-0.3970969751543977,3.0536922166021707,1.6610564201669675,0.5566400148672983,12.759999714791775,3.4988327471302987,97.40907064108201,28.342805380651374
11:27:47.308127,10,-0.35176001868790835,2.9327864270588924,1.6739209237928043,0.6263600167294499,23.999999463558197,3.395141027497906,96.83941553910618,29.540212091877617
11:27:47.308127,11,-0.3592467928721466,2.9952071359043453,1.666980736505817,0.5566400148672983,23.11999948322773,3.44661410967963,96.83941553910618,28.924552332742536
11:27:47.308127,12,-0.3667039750635619,3.057381122580449,1.6600679807891336,0.5566400148672983,14.6399996727705,3.49826769056915,96.83941553910618,28.329404276126144
11:27:47.308127,13,-0.38020899029689703,3.2442984962577346,0.8071145110903584,0.06972000186215155,11.759999737143517,3.3647385400853085,96.68417351314945,13.87912523624506
11:27:47.308127,14,-0.3225704214120093,2.9360432200638105,1.6730482687372212,0.6263600167294499,28.759999357163906,3.394626927421805,96.26969512183285,29.528200466076278
11:27:47.308127,15,-0.3294359313486829,2.9985332456948486,1.6660895080735143,0.5566400148672983,28.11999937146902,3.4460969091587517,96.26969512183285,28.91237516004923
11:27:47.308127,16,-0.33627430488244464,3.0607762751771466,1.659158252392668,0.5566400148672983,16.639999628067017,3.497747549680244,96.26969512183285,28.317068702084725
11:27:47.308127,17,-0.3431398148191182,3.123266300808184,1.652199491728961,0.6958000185841229,8.879999801516533,3.549971898303925,96.26969512183285,27.736888702634694
11:27:47.308127,18,-0.3457656226332429,3.2478047135371875,0.8061750230018407,0.06972000186215155,13.759999692440033,3.364180062181771,96.07689556199284,13.864994106402774
11:27:47.308127,19,-0.3520545300758173,3.306876934423234,0.7844613120614718,0.06972000186215155,16.639999628067017,3.4168343538557022,96.07689556199284,13.272767642557557
11:27:47.308127,20,-0.2827191296091081,2.8933640472674744,1.9111887544828245,0.6263600167294499,20.51999954134226,3.4790987441474783,95.58082293581647,33.32136463197412
11:27:47.308127,21,-0.2933485673642189,2.939017905077208,1.6722512042901443,0.6263600167294499,33.99999924004078,3.394157291374237,95.6999147062524,29.517228021707172
11:27:47.308127,22,-0.2995921265080859,3.0015712431763526,1.6652754791017375,0.5566400148672983,32.63999927043915,3.4456244414367614,95.6999147062524,28.90125146898094
11:27:47.308127,23,-0.30581100755257007,3.063877334879849,1.6583273259496483,0.6958000185841229,18.23999959230423,3.497272396528768,95.69991470625239,28.305800293844808
11:27:47.308127,24,-0.3120545666964371,3.1264306729789935,1.6513516007612412,0.6958000185841229,9.519999787211418,3.5494941773267774,95.6999147062524,27.7254807242475
11:27:47.308127,25,-0.31829812584030415,3.188984011078138,1.6443758755728344,0.4872000130126253,5.119999885559082,3.6020695079344853,95.6999147062524,27.162045283142234
11:27:47.308127,26,-0.2937122454333239,3.237167620557893,1.5062591746447385,-0.06972000186215155,5.239999882876873,3.5825044016591776,95.18432239529466,24.862916499551922
11:27:47.308127,27,-0.31128767869700813,3.2509780636759023,0.8053247263948711,0.06972000186215155,15.87999964505434,3.3636745241407446,95.46951099087201,13.852201565473354
11:27:47.308127,28,-0.3166476193075085,3.2977541589332455,0.7504146504267921,0.06972000186215155,19.759999558329582,3.396847119778839,95.4846788087221,12.762783942166354
11:27:47.308127,29,-0.2545278530266375,2.895958772510342,1.9104934999494174,0.6263600167294499,24.23999945819378,3.4786990461083196,95.02285940073932,33.31198893432207
11:27:47.308127,30,-0.23481978053009098,2.944119789505711,1.67088415847765,0.6263600167294499,39.11999912559986,3.3933516669126584,94.56019530880762,29.49840631943054
11:27:47.308127,31,-0.23981762729328715,3.006781714864923,1.6638793374205998,0.5566400148672983,34.35999923199415,3.4448139608260187,94.56019530880762,28.882170275023228
11:27:47.308127,32,-0.24479571972145095,3.069195964629829,1.656902203403301,0.6958000185841229,18.879999577999115,3.496457310669856,94.56019530880762,28.28647081354793
11:27:47.308127,33,-0.2501585966532902,3.1281598627299245,1.618504178846364,0.6958000185841229,10.359999768435955,3.5309374431186384,94.57220698760648,27.2824947124826
11:27:47.308127,34,-0.25516374690661425,3.190747798298977,1.610871245453571,0.4872000130126253,5.519999876618385,3.583418231174577,94.57220698760648,26.713841970919596
11:27:47.308127,35,-0.2611515697343327,3.239847429275489,1.5055411220629886,-0.06972000186215155,5.879999868571758,3.582103512962793,94.6084275510026,24.8532297953471
11:27:47.308127,36,-0.27677860625370077,3.2538182293415243,0.804563706298397,0.06972000186215155,17.759999603033066,3.3632220003989577,94.86203031678974,13.840749778318699
11:27:47.308127,37,-0.28154434866273736,3.300643228298993,0.7496405266233626,0.06972000186215155,22.99999948590994,3.3963912995907988,94.8755189833209,12.751135983109162
11:27:47.308127,38,-0.2185221802892348,2.8363313320891024,2.0540459328494753,0.13916000371682458,20.999999530613422,3.508793533812466,94.40559029017268,35.831216914034826
11:27:47.308127,39,-0.22631112387210786,2.898281065741275,1.909871243353601,0.6263600167294499,28.359999366104603,3.4783412752361818,94.46485846824099,33.303597083286256
11:27:47.308127,40,-0.2055187005734014,2.9462464787366494,1.670314313815668,0.6958000185841229,42.9999990388751,3.393015790810734,93.99026711284884,29.49055954178861
11:27:47.308127,41,-0.20989291031892765,3.0089536680291853,1.6632973643242375,0.5566400148672983,31.87999928742647,3.4444760606391784,93.99026711284884,28.874215296874414
11:27:47.308127,42,-0.21456291983355996,3.0677922051681557,1.625542190540133,0.6958000185841229,17.999999597668648,3.4784728939412495,94.00078043432423,27.86014116283037
11:27:47.308127,43,-0.21894352173138848,3.1304254708159562,1.6178971109893465,0.4872000130126253,11.119999751448631,3.530593569895736,94.00078043432423,27.27428834066772
11:27:47.308127,44,-0.22332412362921697,3.193058736463757,1.61025203143856,0.4872000130126253,5.999999865889549,3.5830726148732026,94.00078043432423,26.705538740072626
11:27:47.308127,45,-0.22856477909716102,3.242212597276851,1.50490737720706,0.4872000130126253,6.5199998542666435,3.5817496559861173,94.03248304109614,24.844679527910948
11:27:47.308127,46,-0.2387904325171545,3.2808347501517514,1.0855566494307256,-0.06972000186215155,6.5199998542666435,3.4640050184126894,94.1628433804489,18.263161229933694
11:27:47.308127,47,-0.2422418561816533,3.256324926519867,0.8038920388137907,0.06972000186215155,18.999999575316906,3.362822557618695,94.25446410237097,13.830640684563493
11:27:47.308127,48,-0.24556044481230394,3.2641392104491898,0.6501825915353012,0.06972000186215155,25.75999942421913,3.3373106117926508,94.30224436565676,11.234344133800311
11:27:47.308127,49,-0.19125473347316685,2.8383104190573856,2.0535156380945727,0.13916000371682458,23.35999947786331,3.508491254642737,93.85495148815846,35.82409999326217
11:27:47.308127,50,-0.1980717637947946,2.9003306947328946,1.9093220469205128,0.13916000371682458,32.359999276697636,3.4780254802515915,93.90682423515828,33.29619010065456
11:27:47.308127,51,-0.17499123084017232,2.9590211402056656,1.7881725646349766,0.6263600167294499,44.11999901384115,3.4617898780787124,93.38442836200673,31.1008256495165
11:27:47.308127,52,-0.1799472042293848,3.010836466850946,1.6627928699004364,0.6958000185841229,26.519999407231808,3.4441831186249647,93.42030048451954,28.86731884900794
11:27:47.308127,53,-0.1846457302026384,3.057022713761722,1.5329636057154312,0.5566400148672983,15.87999964505434,3.4248298256388163,93.45649501686891,26.589989281483973
11:27:47.308127,54,-0.1884155308596161,3.119436105190201,1.52342840496059,0.6958000185841229,11.999999731779099,3.476667388703453,93.45649501686891,25.988224158569636
11:27:47.308127,55,-0.19218533151659375,3.1818494966186806,1.5138932042057482,0.4872000130126253,6.7599998489022255,3.528877166256009,93.45649501686891,25.404202430863
11:27:47.308127,56,-0.19595513217357144,3.2442628880471593,1.5043580034509068,0.4872000130126253,7.239999838173389,3.5814428800599423,93.45649501686891,24.83726688678702
11:27:47.308127,57,-0.20676528311560932,3.2079938306845537,0.673715302522891,0.06972000186215155,19.119999572634697,3.2844890940396723,93.6877920614796,11.836539855901858
11:27:47.308127,58,-0.21052600321828718,3.266341957152073,0.6495923673351334,0.06972000186215155,27.519999384880066,3.336956880569955,93.6877920614796,11.225218495503611
11:27:47.308127,59,-0.16443145266548675,2.840388176756738,2.0246096371595064,0.13916000371682458,25.239999435842037,3.4919746391066897,93.31318267180212,35.43572661395334
11:27:47.308127,60,-0.16981259670704663,2.90210745452402,1.9088459655693368,0.13916000371682458,35.51999920606613,3.4777517041724835,93.34876081891161,33.289768888702305
11:27:47.308127,61,-0.14585276835982722,2.960570710609324,1.7877573584967013,0.27832000743364915,42.119999058544636,3.461549990309995,92.82040118512772,31.09519492927648
11:27:47.308127,62,-0.14998350357017884,3.0124299230519003,1.6623659045982164,0.6958000185841229,20.63999953866005,3.4439351755531504,92.85030087511534,28.861481845107523
11:27:47.308127,63,-0.1538996599233821,3.0586577760291855,1.5325254921012899,0.4872000130126253,13.119999706745148,3.4245739706025677,92.88046965234024,26.583935145484336
11:27:47.308127,64,-0.15704173658256668,3.1211045495391425,1.5229813466446747,0.4872000130126253,12.519999720156193,3.4764102028400545,92.88046965234024,25.982093674764478
11:27:47.308127,65,-0.16018381324175127,3.1835513230490986,1.5134372011880597,0.4872000130126253,7.759999826550484,3.528618715935781,92.88046965234024,25.39799870766443
11:27:47.308127,66,-0.1633258899009359,3.2459980965590556,1.5038930557314445,0.4872000130126253,7.879999823868275,3.581183227964496,92.88046965234024,24.830992903755966
11:27:47.308127,67,-0.17233600105744226,3.2098247645072466,0.6732247052837057,0.06972000186215155,18.23999959230423,3.284190344652515,93.07326872697695,11.828887395234778
11:27:47.308127,68,-0.17547050920032745,3.2682061926467383,0.6490928469398363,0.06972000186215155,27.639999382197857,3.3366574803539506,93.07326872697695,11.217494070197493
11:27:47.308127,69,-0.1786050173432126,3.3265876207862304,0.624960988595967,0.06972000186215155,20.239999547600746,3.389492762679279,93.07326872697695,10.625095778052769
11:27:47.308127,70,-0.13241441442968543,2.7755708207975855,2.134899135666635,0.13916000371682458,18.999999575316906,3.5041577130434476,92.73134417095756,37.53510825265052
11:27:47.308127,71,-0.13705133943879583,2.84184423893344,2.02421948647513,0.13916000371682458,26.239999413490295,3.4917511763335587,92.76101836819511,35.43047867549908
11:27:47.308127,72,-0.11324614677047662,2.9048416831112824,1.9081133312274576,0.13916000371682458,36.87999917566776,3.477330352225266,92.23256299422651,33.279886786842745
11:27:47.308127,73,-0.11669972072484168,2.9618387522978296,1.7874175877502974,0.27832000743364915,37.75999915599823,3.461353673410088,92.25634990670568,31.09058699947634
11:27:47.308127,74,-0.1200048046862722,3.013733877287763,1.66201651111375,0.6958000185841229,15.639999650418758,3.443732265939739,92.2802737539316,28.85670505879825
11:27:47.308127,75,-0.12313819980707065,3.0599957772671753,1.5321669757500986,0.4872000130126253,10.639999762177467,3.4243645855434077,92.3044131410353,26.57898061990179
11:27:47.308127,76,-0.1256522382634287,3.1224698679424976,1.5226155106810844,0.4872000130126253,12.639999717473984,3.476199728806742,92.3044131410353,25.977076664864807
11:27:47.308127,77,-0.12816627671978675,3.18494395861782,1.51306404561207,0.4872000130126253,8.639999806880951,3.5284072072463983,92.3044131410353,25.392921757689177
11:27:47.308127,78,-0.13068031517614478,3.2474180492931426,1.5035125805430556,0.4872000130126253,8.119999818503857,3.5809707359179375,92.3044131410353,24.825858452475035
11:27:47.308127,79,-0.13788948554355265,3.2113230510069033,0.6728232406260921,0.06972000186215155,16.639999628067017,3.2839458523669887,92.45868614873734,11.822624444547014
11:27:47.308127,80,-0.14039746827845698,3.269731730511199,0.648684080301031,0.06972000186215155,25.999999418854713,3.336412455714484,92.45868614873734,11.211172222583162
11:27:47.308127,81,-0.08494452051925687,2.905798878486852,1.907856851499575,0.13916000371682458,36.11999919265509,3.4771828337888078,91.67443690056464,33.27642710174614
11:27:47.308127,82,-0.08753500321555478,2.9628251384680753,1.7871532863725548,0.27832000743364915,32.239999279379845,3.461200954425868,91.69227933034672,31.087002446072702
11:27:47.308127,83,-0.09001410542243705,3.0147481991642024,1.6617447243860926,0.27832000743364915,11.999999731779099,3.443574418037719,91.7102246052803,28.85298912339292
11:27:47.308127,84,-0.09236442597394383,3.0610365836766875,1.5318880925131926,0.4872000130126253,8.639999806880951,3.4242016999260207,91.72833169275327,26.575126389463183
11:27:47.308127,85,-0.09425017482573594,3.12353192386957,1.5223309336531086,0.4872000130126253,12.23999972641468,3.476035996137578,91.72833169275327,25.973173824351832
11:27:47.308127,86,-0.09613592367752805,3.1860272640624525,1.5127737747930243,0.4872000130126253,9.239999793469906,3.528242669782245,91.72833169275327,25.38897228657601
11:27:47.308127,87,-0.09812503052205164,3.243387054179332,1.4707429882416334,0.4872000130126253,7.999999821186066,3.5626216529818273,91.73289084792756,24.382486268647597
11:27:47.308127,88,-0.10342918119663266,3.2124885403561296,0.6725109486961798,0.06972000186215155,14.51999967545271,3.2837556537535946,91.84405614157511,11.817752111245753
11:27:47.308127,89,-0.10531038772738378,3.270918418192945,0.6483661082950392,0.06972000186215155,23.35999947786331,3.3362218431367516,91.84405614157511,11.206254070125004
11:27:47.308127,90,-0.1071915942581349,3.3293482960297607,0.6242212678938985,0.06972000186215155,19.239999569952488,3.3890562558693147,91.84405614157511,10.61375643479
11:27:47.308127,91,-0.10907280078888602,3.3877781738665758,0.6000764274927577,0.06972000186215155,7.35999983549118,3.442241936591784,91.84405614157511,10.03950818246424
11:27:47.308127,92,-0.0745470393293152,2.6416262575488494,2.2606422341628245,0.06972000186215155,5.119999885559082,3.477678802955355,91.61646539630692,40.5448758830284
11:27:47.308127,93,-0.051779687139507785,2.7150923366715887,2.1311286849298625,0.06972000186215155,11.639999739825726,3.451972914781334,91.09255876894233,38.123997206278524
11:27:47.308127,94,-0.0566343998871518,2.9064826578481324,1.9076736333719189,0.27832000743364915,33.639999248087406,3.477077449106497,91.1162982481517,33.27395559660089
11:27:47.308127,95,-0.05836153227928324,2.963529770482271,1.7869644807933898,0.27832000743364915,26.99999939650297,3.4610918544011335,91.12819427078745,31.084441724997628
11:27:47.308127,96,-0.06001440482347356,3.0154727872498817,1.6615505715936898,0.27832000743364915,9.359999790787697,3.4434616538295013,91.14015892549759,28.850334531684073
11:27:47.308127,97,-0.06158141577560261,3.061780091177953,1.531688870278662,0.4872000130126253,6.9999998435378075,3.4240853366757853,91.15223153032491,26.572372986981403
11:27:47.308127,98,-0.06290494608710887,3.119353457284151,1.490903262513962,0.4872000130126253,11.639999739825726,3.4579062396033216,91.15527128299242,25.541059787102835
11:27:47.308127,99,-0.06416354247778017,3.181765195100907,1.4807173016927702,0.4872000130126253,9.239999793469906,3.510024279755217,91.15527128299242,24.95168504837014
11:27:47.308127,100,-0.06542213886845147,3.244176932917664,1.4705313408715788,0.4872000130126253,7.639999829232693,3.5625028354816433,91.15527128299242,24.37961518595791
11:27:47.308127,101,-0.06895853401824606,3.213321116006967,0.6722878607229001,0.06972000186215155,12.519999720156193,3.283619777268004,91.22939054291339,11.814271257198868
11:27:47.308127,102,-0.07021277622576699,3.271766137024204,0.6481389627187946,0.06972000186215155,20.119999550282955,3.336085671009935,91.22939054291339,11.202740482516715
11:27:47.308127,103,-0.07146701843328794,3.33021115804144,0.6239900647146894,0.06972000186215155,17.759999603033066,3.3889198120832096,91.22939054291339,10.610211793443893
11:27:47.308127,104,-0.028318615862506342,2.9068929528177603,1.9075636951661485,0.27832000743364915,29.999999329447746,3.4770142125481533,90.55815121892599,33.27247257289429
11:27:47.308127,105,-0.029182225238679114,2.9639525778778064,1.7868511898932022,0.27832000743364915,22.519999496638775,3.4610263883711037,90.56409955111795,31.082905162017717
11:27:47.308127,106,-0.03145404573266495,3.1198091800073664,1.4907811519783039,0.4872000130126253,10.639999762177467,3.45783561201873,90.57763885747464,25.539376530894156
11:27:47.308127,107,-0.03208337539422006,3.1822300358825633,1.4805927479807166,0.4872000130126253,8.879999801516533,3.509953308752542,90.57763885747464,24.949981600418127
11:27:47.308127,108,-0.03279643722548869,3.2273036768628356,1.3733131082100343,0.27832000743364915,6.8799998462200165,3.507499611143039,90.58222991807162,23.050120765346
11:27:47.308127,109,-0.03510814350535195,3.2722748022338024,0.6480026662866649,0.06972000186215155,17.11999961733818,3.3360039596183473,90.61470120714849,11.200632081265525
11:27:47.308127,110,0.0,2.9070297223665835,1.9075270478759923,0.27832000743364915,26.119999416172504,3.4769931327371406,90.0,33.27197821155376
11:27:47.308127,111,0.0,3.1032817208315593,1.3973848052160927,0.27832000743364915,9.63999978452921,3.4033868032734835,90.0,24.241685530115934
11:27:47.308127,112,0.0,3.1653718968197277,1.3853277356802818,0.27832000743364915,8.239999815821648,3.4552441564122756,90.0,23.636632362256165
11:27:47.308127,113,0.0,3.2274620728078953,1.373270666144471,0.27832000743364915,6.239999860525131,3.507475410306723,90.0,23.04953552253954
11:27:47.308127,114,0.03153455620989312,3.103129419354464,1.3974256142738866,0.27832000743364915,8.759999804198742,3.403410784628749,89.41777008192838,24.24225718941691
11:27:47.308127,115,0.03216549671769091,3.16521654810865,1.3853693612419602,0.27832000743364915,7.519999831914902,3.455268250464483,89.41777008192838,23.637210959278757
11:27:47.308127,116,0.03279643722548869,3.2273036768628356,1.3733131082100343,0.27832000743364915,5.519999876618385,3.507499611143039,89.41777008192838,23.050120765346
11:27:47.308127,117,0.06306595899058492,3.1026725301531983,1.3975480373663962,0.27832000743364915,7.999999821186066,3.4034827252826356,88.83554718385345,24.243972084916265
11:27:47.308127,118,0.06432777691265831,3.164750517510158,1.3854942337644744,0.27832000743364915,6.7599998489022255,3.4553405292037347,88.83554718385345,23.638946666733506
11:27:47.308127,119,0.06558959483473172,3.226828504867118,1.3734404301625527,0.27832000743364915,4.999999888241291,3.507572210230125,88.83554718385345,23.05187640901356
11:27:47.308127,120,0.09459105522821439,3.1019110989162986,1.3977520622514152,0.27832000743364915,7.239999838173389,3.403602615000375,88.25333832222381,24.246829969433712
11:27:47.308127,121,0.09648362438382833,3.163973851626922,1.3857023407606763,0.27832000743364915,6.11999986320734,3.4554609823788716,88.25333832222381,23.64183923381221
11:27:47.357157,1,-0.4508035636584395,2.9673798204489903,1.5498233422261727,0.27832000743364915,9.359999790787697,3.3779460096224354,98.63830767815763,27.310115258168768
11:27:47.357157,2,-0.034572099180902795,0.24059521364427103,2.0701977151353392,-1.1830000315967482,5.119999885559082,2.0844183521121393,98.17708871560441,83.30343745141037
11:27:47.357157,3,-0.39247609927568194,2.954670340639837,1.4280633211097047,0.27832000743364915,10.99999975413084,3.3050687072220244,97.56644428401778,25.5998122686817
11:27:47.357157,4,-0.42969177368333994,3.0332738684482905,1.5393270896383369,0.6263600167294499,8.759999804198742,3.4285438994238975,98.06283833046083,26.677876282723478
11:27:47.357157,5,-0.3624367716875061,2.9583163201348617,1.4270863838483923,0.27832000743364915,13.239999704062939,3.304477479180788,96.98475838586594,25.585941802788188
11:27:47.357157,6,-0.39917931323996814,3.037277041666262,1.5382544426074194,0.6263600167294499,10.119999773800373,3.427918126524196,97.4872830648585,26.663068040455016
11:27:47.357157,7,-0.3536046141638875,2.917058760889084,1.5561184124222207,0.5566400148672983,9.999999776482582,3.3250221880638935,96.91164782962441,27.904706881658324
11:27:47.357157,8,-0.3323612007258113,2.961671964551643,1.4261872416368298,0.27832000743364915,15.75999964773655,3.3039332380613806,96.40298925778639,25.573173674300946
11:27:47.357157,9,-0.368626935199705,3.0409852919102827,1.5372608199492017,0.6263600167294499,11.759999737143517,3.4273383538133912,96.91164782962441,26.649348501436577
11:27:47.357157,10,-0.2948868588456197,2.923322916174714,1.554439937072173,0.5566400148672983,11.239999748766422,3.3240124322446527,95.76016144860942,27.88118844371709
11:27:47.357157,11,-0.30225239392249653,2.9647369383285507,1.4253659843884847,0.27832000743364915,18.519999586045742,3.303436061523423,95.82114368728546,25.561509703043843
11:27:47.357157,12,-0.30741465086354164,3.047515569717932,1.535511037284291,0.6263600167294499,13.519999697804451,3.426317127888288,95.76016144860942,26.62518293294437
11:27:47.357157,13,-0.31369095062697583,3.1097348595128507,1.5260278459054115,0.6263600167294499,6.9999998435378075,3.478162430861068,95.76016144860944,26.023861537832683
11:27:47.357157,14,-0.2654822797860179,2.9260293137838698,1.5537147600184023,0.5566400148672983,12.519999720156193,3.3235760772851175,95.18432239529466,27.871025443096702
11:27:47.357157,15,-0.27211336213301673,2.967510934970774,1.4246226942283944,0.27832000743364915,20.75999953597784,3.302986020547623,95.2392285003817,25.550951552825193
11:27:47.357157,16,-0.27676086574479125,3.050336944259251,1.534755052254399,0.27832000743364915,15.519999653100967,3.42587581805603,95.18432239529466,26.614740231380665
11:27:47.357157,17,-0.28241132564096877,3.1126138363587987,1.525256426384512,0.6263600167294499,7.759999826550484,3.477718823793807,95.18432239529466,26.01328718958755
11:27:47.357157,18,-0.2360511527208587,2.9284515543911294,1.5530657226038131,0.5566400148672983,13.35999970138073,3.323185488630385,94.6084275510026,27.861928490357702
11:27:47.357157,19,-0.24194711923530043,2.969993677080973,1.4239574454849517,0.27832000743364915,20.999999530613422,3.30258317941566,94.65725055818629,25.541500730833242
11:27:47.357157,20,-0.24607940477133683,3.052862089847302,1.5340784415333097,0.27832000743364915,16.8799996227026,3.425480795137628,94.6084275510026,26.605392887740138
11:27:47.357157,21,-0.25110345975900217,3.1151905363233636,1.5245660017098697,0.6263600167294499,8.359999813139439,3.4773217450605864,94.6084275510026,26.003821995984847
11:27:47.357157,22,-0.20659642073819126,2.9305893957744606,1.5524928897316037,0.5566400148672983,13.639999695122242,3.322840721484365,94.03248304109614,27.85389883099543
11:27:47.357157,23,-0.21175668182836407,2.9721849163870173,1.423370304682474,0.27832000743364915,18.519999586045742,3.302227595691935,94.07521675346065,25.533158587087573
11:27:47.357157,24,-0.21560043436876195,3.0502453287529656,1.5028835158192875,0.27832000743364915,16.759999625384808,3.4072186567639933,94.04311223220073,26.173325178018178
11:27:47.357157,25,-0.2197704837414342,3.1174647017387103,1.5239566409233727,0.27832000743364915,9.119999796152115,3.4769712503161743,94.03248304109614,25.995467266742473
11:27:47.357157,26,-0.22416763141929763,3.179838649507781,1.5144320090652161,0.27832000743364915,4.999999888241291,3.5291825220525097,94.03248304109614,25.41153206534054
11:27:47.357157,27,-0.18109301027115982,2.70946772113694,2.1326357961201072,0.3480400092958007,17.23999961465597,3.4528459926768984,93.82379757901428,38.14442077369772
11:27:47.357157,28,-0.17712102928653667,2.9324426241515167,1.551996318684581,0.5566400148672983,12.999999709427357,3.3225418245925282,93.45649501686891,27.846937564989158
11:27:47.357157,29,-0.1815450689306549,2.9740844337668118,1.4228613305345492,0.27832000743364915,14.119999684393406,3.3019193202072095,93.49313400715273,25.52592631394676
11:27:47.357157,30,-0.1848404280847264,3.052179325681132,1.5023653029042212,0.27832000743364915,14.6399996727705,3.4069144578841963,93.46560821282254,26.166129011615187
11:27:47.357157,31,-0.1884155308596161,3.119436105190201,1.52342840496059,0.27832000743364915,9.519999787211418,3.476667388703453,93.45649501686891,25.988224158569636
11:27:47.357157,32,-0.19218533151659375,3.1818494966186806,1.5138932042057482,0.27832000743364915,5.879999868571758,3.528877166256009,93.45649501686891,25.404202430863
11:27:47.357157,33,-0.15525622496854688,2.711092176702636,2.132200524563139,0.3480400092958007,20.999999530613422,3.4525938601169184,93.27757988677826,38.138522384003
11:27:47.357157,34,-0.16032314378665014,2.7768921572206775,2.0518765067058533,0.27832000743364915,21.99999950826168,3.456447708564207,93.30428873550747,36.41555371510748
11:27:47.357157,35,-0.1476279258803456,2.934011054201011,1.5515760591194343,0.3480400092958007,11.639999739825726,3.3222888402283832,92.88046965234024,27.841045646423396
11:27:47.357157,36,-0.1513153016781512,2.9756920392702093,1.422430573938166,0.27832000743364915,9.879999779164791,3.301658397044144,92.911009264915,25.519804945672835
11:27:47.357157,37,-0.15445627828629735,3.0374609349782893,1.4104414886525332,0.27832000743364915,11.239999748766422,3.352517094115049,92.91100926491501,24.87949664063749
11:27:47.357157,38,-0.15704173658256668,3.1211045495391425,1.5229813466446747,0.27832000743364915,9.519999787211418,3.4764102028400545,92.88046965234024,25.982093674764478
11:27:47.357157,39,-0.16018381324175127,3.1835513230490986,1.5134372011880597,0.27832000743364915,6.7599998489022255,3.528618715935781,92.88046965234024,25.39799870766443
11:27:47.357157,40,-0.1735853575725409,3.3056332843453125,0.9343245748170723,0.13916000371682458,11.119999751448631,3.4395211437120525,93.00595402564852,15.76210564129748
11:27:47.357157,41,-0.17674258945362303,3.3657573117313198,0.9149416932519194,0.13916000371682458,15.519999653100967,3.492374339392944,93.00595402564852,15.18774171576755
11:27:47.357157,42,-0.1801159244131744,3.467344729907134,1.0336170471136454,-0.06972000186215155,13.239999704062939,3.622607544618368,92.97363418483941,16.578219430881816
11:27:47.357157,43,-0.12940391417351088,2.712466991029273,2.131832144174574,0.20888000557897612,25.63999942690134,3.452380460111948,92.73134417095756,38.1335303272239
11:27:47.357157,44,-0.13362712086293552,2.778311839781,2.0514961039103063,0.27832000743364915,25.51999942958355,3.456227589563015,92.75360542299005,36.41040939057019
11:27:47.357157,45,-0.11812005980524927,2.935294529081255,1.5512321530617672,0.3480400092958007,9.759999781847,3.3220818041817375,92.3044131410353,27.83622388315889
11:27:47.357157,46,-0.12107040302225176,2.977007572138007,1.422078077968623,0.27832000743364915,6.6399998515844345,3.301444863524747,92.32884949360569,25.514795358053004
11:27:47.357157,47,-0.12358356130574497,3.0388037754476263,1.4100816756332106,0.27832000743364915,7.879999823868275,3.35230243478364,92.32884949360569,24.874419322777804
11:27:47.357157,48,-0.12578473103562907,3.1175307942461816,1.4913916436030596,0.27832000743364915,8.999999798834324,3.4581887002076637,92.31049113031442,25.54779163338247
11:27:47.357157,49,-0.12830142039521897,3.1799060643880783,1.4812154542658966,0.27832000743364915,7.759999826550484,3.5103081139358174,92.31049113031442,24.958497644384362
11:27:47.357157,50,-0.10353866309547223,2.713592026636571,2.131530691792142,0.20888000557897612,30.999999307096004,3.4522058211863698,92.18509341484742,38.129445158976864
11:27:47.357157,51,-0.08019765813128132,2.780377297347188,2.050942666223446,0.27832000743364915,28.879999354481697,3.455907319374918,91.65219074997842,36.40292479687113
11:27:47.357157,52,-0.08225273728692149,2.843962624214601,2.023651866849785,0.27832000743364915,23.879999466240406,3.4914260408786277,91.65663967969007,35.422843301773234
11:27:47.357157,53,-0.08494452051925687,2.905798878486852,1.907856851499575,0.27832000743364915,18.999999575316906,3.4771828337888078,91.67443690056464,33.27642710174614
11:27:47.357157,54,-0.0886003818231335,2.936292920445835,1.550964634901898,0.3480400092958007,7.879999823868275,3.321920745748747,91.72833169275327,27.832472936553835
11:27:47.357157,55,-0.09269848607260045,3.0398483462056762,1.409801783742154,0.27832000743364915,5.239999882876873,3.3521354457557493,91.7466616777762,24.87046954107638
11:27:47.357157,56,-0.09434955599964588,3.1185939700477263,1.4911067665056235,0.27832000743364915,8.759999804198742,3.4580239411915907,91.73289084792756,25.543864952194514
11:27:47.357157,57,-0.09623729326084876,3.180990512113529,1.4809248773736283,0.27832000743364915,8.359999813139439,3.510142553685614,91.73289084792756,24.954523862536185
11:27:47.357157,58,-0.09812503052205164,3.243387054179332,1.4707429882416334,0.27832000743364915,5.239999882876873,3.5626216529818273,91.73289084792756,24.382486268647597
11:27:47.357157,59,-0.10995150414862984,3.567574902674802,1.1579526019276263,-0.06972000186215155,5.239999882876873,3.7524037959380956,91.76527860895925,17.974250821628857
11:27:47.357157,60,-0.051779687139507785,2.7150923366715887,2.1311286849298625,0.20888000557897612,36.63999918103218,3.451972914781334,91.09255876894233,38.123997206278524
11:27:47.357157,61,-0.0534695612248517,2.7810228658090255,2.0507696866754372,0.27832000743364915,31.75999929010868,3.4558072113353044,91.10146623250394,36.40058538972074
11:27:47.357157,62,-0.0590718438770649,2.9370061284564497,1.5507735313914184,0.3480400092958007,6.11999986320734,3.3218056877237703,91.15223153032491,27.82979332123531
11:27:47.357157,63,-0.06290494608710887,3.119353457284151,1.490903262513962,0.27832000743364915,7.999999821186066,3.4579062396033216,91.15527128299242,25.541059787102835
11:27:47.357157,64,-0.06416354247778017,3.181765195100907,1.4807173016927702,0.27832000743364915,8.51999980956316,3.510024279755217,91.15527128299242,24.95168504837014
11:27:47.357157,65,-0.025891138115813877,2.7154674610695624,2.131028170650364,0.20888000557897612,41.23999907821417,3.451914678445275,90.54628089300626,38.12263502847602
11:27:47.357157,66,-0.026736117407096437,2.781410232710458,2.0506658920270238,0.3480400092958007,33.2399992570281,3.4557471411148475,90.5507348364815,36.39918163760883
11:27:47.357157,67,-0.03153455620989312,3.103129419354464,1.3974256142738866,0.27832000743364915,6.9999998435378075,3.403410784628749,90.58222991807162,24.24225718941691
11:27:47.357157,68,-0.03208337539422006,3.1822300358825633,1.4805927479807166,0.27832000743364915,8.239999815821648,3.509953308752542,90.57763885747464,24.949981600418127
11:27:47.357157,69,0.0,2.7155925067037066,2.130994664773678,0.20888000557897612,43.239999033510685,3.451895265467827,90.0,38.12218095235044
11:27:47.357157,70,0.0,2.7815393593151203,2.0506312926575836,0.3480400092958007,33.11999925971031,3.4557271168085135,90.0,36.39871370226646
11:27:47.357157,71,0.0,3.1032817208315593,1.3973848052160927,0.27832000743364915,5.999999865889549,3.4033868032734835,90.0,24.241685530115934
11:27:47.357157,72,0.0,3.1653718968197277,1.3853277356802818,0.27832000743364915,7.639999829232693,3.4552441564122756,90.0,23.636632362256165
11:27:47.357157,73,0.025288797155510346,2.6522938272626106,2.1279798830940844,0.20888000557897612,21.7599995136261,3.400529437050947,89.45371910699374,38.73938625584197
11:27:47.357157,74,0.025891138115813877,2.7154674610695624,2.131028170650364,0.20888000557897612,41.999999061226845,3.451914678445275,89.45371910699374,38.12263502847602
11:27:47.357157,75,0.026736117407096437,2.781410232710458,2.0506658920270238,0.20888000557897612,31.359999299049377,3.4557471411148475,89.44926516351852,36.39918163760883
11:27:47.357157,76,0.03153455620989312,3.103129419354464,1.3974256142738866,0.27832000743364915,5.239999882876873,3.403410784628749,89.41777008192838,24.24225718941691
11:27:47.357157,77,0.03216549671769091,3.16521654810865,1.3853693612419602,0.27832000743364915,6.8799998462200165,3.455268250464483,89.41777008192838,23.637210959278757
11:27:47.357157,78,0.051779687139507785,2.7150923366715887,2.1311286849298625,0.20888000557897612,37.99999915063381,3.451972914781334,88.90744123105769,38.123997206278524
11:27:47.357157,79,0.0534695612248517,2.7810228658090255,2.0507696866754372,0.20888000557897612,28.519999362528324,3.4558072113353044,88.89853376749608,36.40058538972074
11:27:47.357157,80,0.06432777691265831,3.164750517510158,1.3854942337644744,0.27832000743364915,6.11999986320734,3.4553405292037347,88.83554718385345,23.638946666733506
11:27:47.357157,81,0.07766305823786882,2.7144671710219117,2.1312961975608293,0.20888000557897612,32.75999926775694,3.452069966687785,88.36116938700778,38.12626733404797
11:27:47.357157,82,0.09648362438382833,3.163973851626922,1.3857023407606763,0.27832000743364915,5.519999876618385,3.4554609823788716,88.25333832222381,23.64183923381221
11:27:47.357157,83,0.10353866309547223,2.713592026636571,2.131530691792142,0.20888000557897612,27.239999391138554,3.4522058211863698,87.81490658515258,38.129445158976864
11:27:47.357157,84,0.13058904918982958,2.715145691734218,2.0503253172200377,0.20888000557897612,22.519999496638775,3.4048353166555114,87.24639457700995,37.026222146968585
11:27:47.416786,1,-0.39247609927568194,2.954670340639837,1.4280633211097047,0.13916000371682458,7.879999823868275,3.3050687072220244,97.56644428401778,25.5998122686817
11:27:47.416786,2,-0.42969177368333994,3.0332738684482905,1.5393270896383369,0.41748001115047373,7.639999829232693,3.4285438994238975,98.06283833046083,26.677876282723478
11:27:47.416786,3,-0.3624367716875061,2.9583163201348617,1.4270863838483923,0.13916000371682458,9.119999796152115,3.304477479180788,96.98475838586594,25.585941802788188
11:27:47.416786,4,-0.39917931323996814,3.037277041666262,1.5382544426074194,0.41748001115047373,9.239999793469906,3.427918126524196,97.4872830648585,26.663068040455016
11:27:47.416786,5,-0.40732911684307593,3.0992872976008625,1.528827261682603,0.41748001115047373,10.119999773800373,3.4797717681713185,97.4872830648585,26.062224128025544
11:27:47.416786,6,-0.3323612007258113,2.961671964551643,1.4261872416368298,0.13916000371682458,10.87999975681305,3.3039332380613806,96.40298925778639,25.573173674300946
11:27:47.416786,7,-0.368626935199705,3.0409852919102827,1.5372608199492017,0.41748001115047373,11.359999746084213,3.4273383538133912,96.91164782962441,26.649348501436577
11:27:47.416786,8,-0.3761529693027978,3.103071256956546,1.5278133528290554,0.41748001115047373,11.759999737143517,3.4791889749118186,96.91164782962441,26.04833169711521
11:27:47.416786,9,-0.3225704214120093,2.9360432200638105,1.6730482687372212,0.41748001115047373,12.999999709427357,3.394626927421805,96.26969512183285,29.528200466076278
11:27:47.416786,10,-0.30225239392249653,2.9647369383285507,1.4253659843884847,0.13916000371682458,12.759999714791775,3.303436061523423,95.82114368728546,25.561509703043843
11:27:47.416786,11,-0.30852649633340834,3.0262784299643655,1.413437831840371,0.13916000371682458,14.239999681711197,3.3543041363425834,95.82114368728547,24.921765105933932
11:27:47.416786,12,-0.31369095062697583,3.1097348595128507,1.5260278459054115,0.41748001115047373,13.759999692440033,3.478162430861068,95.76016144860944,26.023861537832683
11:27:47.416786,13,-0.2704227672589097,2.767522358431533,1.915051440595227,0.41748001115047373,45.11999899148941,3.376348693129348,95.58082293581647,34.554924177417504
11:27:47.416786,14,-0.27590955830678465,2.8312375874877516,1.941553696799855,0.41748001115047373,39.11999912559986,3.444076526258627,95.56600861476821,34.314638836768815
11:27:47.416786,15,-0.2798458183295583,2.8948755513963924,2.027475689038729,0.41748001115047373,23.35999947786331,3.545317448374994,95.521590312376,34.88102525246476
11:27:47.416786,16,-0.29134098077370174,2.950011092498785,1.7905867996418015,0.41748001115047373,14.6399996727705,3.4631843872360486,95.64020052645444,31.133560176139415
11:27:47.416786,17,-0.27211336213301673,2.967510934970774,1.4246226942283944,0.13916000371682458,14.6399996727705,3.302986020547623,95.2392285003817,25.550951552825193
11:27:47.416786,18,-0.27776184378520125,3.0291100087444667,1.4126791125929379,0.13916000371682458,17.519999608397484,3.3538517203500855,95.2392285003817,24.91106426963195
11:27:47.416786,19,-0.28241132564096877,3.1126138363587987,1.525256426384512,0.41748001115047373,15.999999642372131,3.477718823793807,95.18432239529466,26.01328718958755
11:27:47.416786,20,-0.2434576197765534,2.7700042307456667,1.9143864249129376,0.41748001115047373,55.23999876528978,3.375954744197128,95.02285940073932,34.54582517097176
11:27:47.416786,21,-0.24839729664720683,2.8337698161935947,1.9408751881630735,0.41748001115047373,48.51999891549349,3.443682488874165,95.00952212295954,34.305446165581465
11:27:47.416786,22,-0.2519410533570424,2.8974439061091948,2.0267875004675573,0.41748001115047373,28.879999354481697,3.5449292031671793,94.96953287385892,34.871841243662125
11:27:47.416786,23,-0.2622899781756269,2.952684946928588,1.789870342506657,0.41748001115047373,16.119999639689922,3.4627706062421963,95.07631747240703,31.123846747023055
11:27:47.416786,24,-0.24194711923530043,2.969993677080973,1.4239574454849517,0.13916000371682458,15.519999653100967,3.30258317941566,94.65725055818629,25.541500730833242
11:27:47.416786,25,-0.24696941528532482,3.0316442871818303,1.4120000547322507,0.13916000371682458,20.359999544918537,3.353446753812036,94.65725055818629,24.90148571220379
11:27:47.416786,26,-0.25110345975900217,3.1151905363233636,1.5245660017098697,0.41748001115047373,18.35999958962202,3.4773217450605864,94.6084275510026,26.003821995984847
11:27:47.416786,27,-0.2561275147466674,3.177518982799427,1.5150535618864291,0.41748001115047373,12.759999714791775,3.529534740620322,94.6084275510026,25.419986593148224
11:27:47.416786,28,-0.2093966522762298,2.710563928880504,2.0244641397127014,0.41748001115047373,31.999999284744263,3.3896104235612823,94.41744345152517,36.67360330167556
11:27:47.416786,29,-0.21595046614062446,2.772990998319682,1.9415957653332778,0.41748001115047373,67.87999848276377,3.3920359368008555,94.45299961780539,34.917639731827016
11:27:47.416786,30,-0.2208601954660718,2.836036174683349,1.9402679192359844,0.41748001115047373,60.239998653531075,3.4433297850293414,94.45299961780539,34.29721817816699
11:27:47.416786,31,-0.22461985259747091,2.8998121535022072,1.9970931430642482,0.41748001115047373,35.51999920606613,3.5281362822110847,94.42929448020163,34.47507152855071
11:27:47.416786,32,-0.2332127467994811,2.955078061213,1.7892291094667536,0.41748001115047373,16.99999962002039,3.462400228063667,94.5123912689794,31.11515246849332
11:27:47.416786,33,-0.21189456386303282,2.966245896390428,1.3936075107888577,0.13916000371682458,14.6399996727705,3.284152237362768,94.0859983886819,25.109094133842625
11:27:47.416786,34,-0.21615229005083095,3.0338810118507347,1.411400726163527,0.13916000371682458,21.519999518990517,3.3530892944235156,94.07521675346065,24.893030806609765
11:27:47.416786,35,-0.2200022185759357,3.112520350393904,1.4927341879869989,0.41748001115047373,20.359999544918537,3.458965056744536,94.04311223220073,25.566294493081777
11:27:47.416786,36,-0.22416763141929763,3.179838649507781,1.5144320090652161,0.41748001115047373,14.999999664723873,3.5291825220525097,94.03248304109614,25.41153206534054
11:27:47.416786,37,-0.18326789925057618,2.7124603687987467,2.023955990168114,0.41748001115047373,38.87999913096428,3.3893105826018575,93.86532554467723,36.66666784304313
11:27:47.416786,38,-0.18900392074829547,2.774946794078117,1.9410717114392448,0.41748001115047373,82.75999815016985,3.3917269319584564,93.89644504339522,34.910487582140156
11:27:47.416786,39,-0.19330100845042694,2.838036436323064,1.9397319507449717,0.41748001115047373,73.51999835669994,3.443018462701901,93.89644504339522,34.289955862010984
11:27:47.416786,40,-0.1965915312781989,2.901846465179424,1.9965480508931848,0.41748001115047373,42.75999904423952,3.5278272714476824,93.87569777332594,34.46777892369477
11:27:47.416786,41,-0.17499123084017232,2.9590211402056656,1.7881725646349766,0.3480400092958007,16.99999962002039,3.4617898780787124,93.38442836200673,31.1008256495165
11:27:47.416786,42,-0.1819088745480372,2.9485549515097755,1.3041848418528845,0.13916000371682458,12.759999714791775,3.2292360152876687,93.53034541027965,23.82020479671498
11:27:47.416786,43,-0.18531354976842465,3.0358199590805874,1.4108811868191213,0.27832000743364915,19.999999552965164,3.352779393130417,93.49313400715273,24.885700765473445
11:27:47.416786,44,-0.18861420377109148,3.114493832572459,1.492205395030978,0.4872000130126253,21.639999516308308,3.458659291106258,93.46560821282254,25.55900718849561
11:27:47.416786,45,-0.19218533151659375,3.1818494966186806,1.5138932042057482,0.41748001115047373,17.359999611973763,3.528877166256009,93.45649501686891,25.404202430863
11:27:47.416786,46,-0.15712081958853955,2.7141043337342525,2.0235154910912603,0.41748001115047373,46.999998949468136,3.3890506383100165,93.31318267180212,36.66065549200575
11:27:47.416786,47,-0.16203847512223937,2.776642212750202,1.940617425375227,0.41748001115047373,98.5199977979064,3.3914590424647995,93.33986236403669,34.904287323643544
11:27:47.416786,48,-0.16572249149588483,2.839770401088251,1.9392673362864359,0.41748001115047373,86.119998075068,3.4427485642538604,93.33986236403669,34.28366008908413
11:27:47.416786,49,-0.1694065078695303,2.902898589426299,1.937917247197645,0.41748001115047373,49.11999890208244,3.4944301455870947,93.33986236403669,33.68132169088797
11:27:47.416786,50,-0.14585276835982722,2.960570710609324,1.7877573584967013,0.3480400092958007,15.75999964773655,3.461549990309995,92.82040118512772,31.09519492927648
11:27:47.416786,51,-0.15161852862378328,2.9501657785598456,1.303753222045672,0.13916000371682458,10.119999773800373,3.228968684147019,92.94202639021115,23.813927191333747
11:27:47.416786,52,-0.15445627828629735,3.0374609349782893,1.4104414886525332,0.27832000743364915,16.519999630749226,3.352517094115049,92.91100926491501,24.87949664063749
11:27:47.416786,53,-0.15720732770389126,3.1161640361962055,1.4917578653187995,0.20888000557897612,21.519999518990517,3.4584004934516948,92.88806571817204,25.552839280960114
11:27:47.416786,54,-0.16018381324175127,3.1835513230490986,1.5134372011880597,0.4872000130126253,19.63999956101179,3.528618715935781,92.88046965234024,25.39799870766443
11:27:47.416786,55,-0.13095802797618,2.715495659291904,2.023142686531679,0.41748001115047373,56.11999874562025,3.3888306258636183,92.76101836819511,36.655566942536595
11:27:47.416786,56,-0.1343688461959388,2.7787501937774044,1.9958637010076918,0.41748001115047373,111.51999750733376,3.42388369242387,92.76843005150826,35.65645942658859
11:27:47.416786,57,-0.11051850074166644,2.842438773061751,1.9385523481710307,0.41748001115047373,93.87999790161848,3.4423331803023363,92.22662863376628,34.27397108177763
11:27:47.416786,58,-0.112975330606146,2.90562627939552,1.9371863648731897,0.41748001115047373,52.11999883502722,3.494011807806325,92.22662863376628,33.67149112014323
11:27:47.416786,59,-0.11669972072484168,2.9618387522978296,1.7874175877502974,0.3480400092958007,13.759999692440033,3.461353673410088,92.25634990670568,31.09058699947634
11:27:47.416786,60,-0.1213130209736931,2.9514839476779695,1.303400019694983,-0.06972000186215155,7.639999829232693,3.2287499057374167,92.3536681851705,23.808789693926386
11:27:47.416786,61,-0.12366403079902054,3.032744679691208,1.379700211982389,0.27832000743364915,12.759999714791775,3.3341274360247595,92.33501488341155,24.444492053139147
11:27:47.416786,62,-0.12610669243956948,3.1008452017862522,1.3980376685266258,0.13916000371682458,19.879999555647373,3.4037704367272235,92.32884949360569,24.250830431103473
11:27:47.416786,63,-0.12830142039521897,3.1799060643880783,1.4812154542658966,0.20888000557897612,21.359999522566795,3.5103081139358174,92.31049113031442,24.958497644384362
11:27:47.416786,64,-0.07859577523901864,2.7175198610257265,2.0226003033117834,0.41748001115047373,64.63999855518341,3.3885105102259345,91.65663967969007,36.648163491781546
11:27:47.416786,65,-0.08064281203641203,2.780827116098585,1.9953071913489895,0.41748001115047373,117.23999737948179,3.4235586018953006,91.66108786977807,35.648900492765726
11:27:47.416786,66,-0.08289854729481566,2.8433729134351027,1.9383020460123739,0.41748001115047373,92.87999792397022,3.4421877513546195,91.669985589984,34.27057901170608
11:27:47.416786,67,-0.08474138469623806,2.90658118573974,1.9369304984894085,0.41748001115047373,50.519998870790005,3.4938653447943437,91.669985589984,33.66804948462991
11:27:47.416786,68,-0.08753500321555478,2.9628251384680753,1.7871532863725548,0.3480400092958007,11.359999746084213,3.461200954425868,91.69227933034672,31.087002446072702
11:27:47.416786,69,-0.09099538212314175,2.9525093270483396,1.303125270120757,-0.06972000186215155,5.639999873936176,3.2285797118086568,91.76527860895925,23.804793069109575
11:27:47.416786,70,-0.09275884523463512,3.033789930605087,1.3794201378441273,0.27832000743364915,9.759999781847,3.333959427332611,91.7512864294805,24.440517422708826
11:27:47.416786,71,-0.09459105522821439,3.1019110989162986,1.3977520622514152,0.20888000557897612,17.519999608397484,3.403602615000375,91.7466616777762,24.246829969433712
11:27:47.416786,72,-0.09623729326084876,3.180990512113529,1.4809248773736283,0.20888000557897612,21.99999950826168,3.510142553685614,91.73289084792756,24.954523862536185
11:27:47.416786,73,-0.05240155029562143,2.718152534783418,2.022430778889338,0.41748001115047373,70.35999842733145,3.3884104503766714,91.10443242792269,36.64584944558655
11:27:47.416786,74,-0.053620639235832206,2.781388635132862,2.0229526167798206,0.3480400092958007,112.87999747693539,3.4396707985408472,91.10443242792269,36.02398742775507
11:27:47.416786,75,-0.05527030406268787,2.844040223290686,1.938123240875469,0.41748001115047373,83.63999813050032,3.442083859383462,91.11333045046348,34.26815581314937
11:27:47.416786,76,-0.05649896471885692,2.9072633299151076,1.9367477185084971,0.3480400092958007,44.63999900221825,3.493760714134735,91.11333045046348,33.66559087639383
11:27:47.416786,77,-0.05786600579839895,2.969688787505651,1.9056658483661681,0.3480400092958007,9.119999796152115,3.5290171854062984,91.1162982481517,32.68357264816575
11:27:47.416786,78,-0.061927992924310504,3.0145446919890455,1.2884593227253174,-0.06972000186215155,7.35999983549118,3.278939188613407,91.17686549083335,23.138185204738928
11:27:47.416786,79,-0.06306595899058492,3.1026725301531983,1.3975480373663962,0.20888000557897612,14.879999667406082,3.4034827252826356,91.16445281614656,24.243972084916265
11:27:47.416786,80,-0.06416354247778017,3.181765195100907,1.4807173016927702,0.20888000557897612,21.519999518990517,3.510024279755217,91.15527128299242,24.95168504837014
11:27:47.416786,81,-0.06542213886845147,3.244176932917664,1.4705313408715788,0.20888000557897612,13.759999692440033,3.5625028354816433,91.15527128299242,24.37961518595791
11:27:47.416786,82,-0.026202085241096705,2.718532164346543,2.0223290574544754,0.3480400092958007,71.23999840766191,3.3883504090460286,90.55221800688237,36.64446091091317
11:27:47.416786,83,-0.026811660189694175,2.7817770965377773,2.022848528860083,0.3480400092958007,100.51999775320292,3.4396102759841374,90.55221800688237,36.0225767389867
11:27:47.416786,84,-0.0276365338464593,2.8444406358980756,1.9380159506406798,0.3480400092958007,70.11999843269587,3.4420215185395038,90.55666724288233,34.266701777453655
11:27:47.416786,85,-0.028250894892338767,2.9076726437077767,1.9366380432083006,0.3480400092958007,37.239999167621136,3.493697930049257,90.55666724288233,33.66411559257309
11:27:47.416786,86,-0.028934449609559303,2.970108004997827,1.9055535193776867,0.3480400092958007,7.35999983549118,3.528953524621579,90.55815121892599,32.682068945519376
11:27:47.416786,87,-0.030965544726420095,3.014993337053294,1.2883391086426639,-0.06972000186215155,5.759999871253967,3.2788658628089893,90.58843667164889,23.136448341092596
11:27:47.416786,88,-0.03153455620989312,3.103129419354464,1.3974256142738866,0.20888000557897612,12.359999723732471,3.403410784628749,90.58222991807162,24.24225718941691
11:27:47.416786,89,-0.03216549671769091,3.16521654810865,1.3853693612419602,0.20888000557897612,19.759999558329582,3.455268250464483,90.58222991807162,23.637210959278757
11:27:47.416786,90,0.0,2.655060305054386,2.048329043009422,0.3480400092958007,20.239999547600746,3.3533560938127915,90.0,37.64951009167365
11:27:47.416786,91,0.0,2.718658711752463,2.022295149179255,0.3480400092958007,66.87999850511551,3.3883303943655654,90.0,36.64399804819455
11:27:47.416786,92,0.0,2.781906587989095,2.0228138317302755,0.3480400092958007,84.51999811083078,3.4395901008894136,90.0,36.02210649116932
11:27:47.416786,93,0.0,2.844574111216345,1.93798018603694,0.3480400092958007,56.519998736679554,3.4420007373145682,90.0,34.266217079459814
11:27:47.416786,94,0.0,2.9070297223665835,1.9075270478759923,0.3480400092958007,29.999999329447746,3.4769931327371406,90.0,33.27197821155376
11:27:47.416786,95,0.0,3.1032817208315593,1.3973848052160927,0.20888000557897612,10.359999768435955,3.4033868032734835,90.0,24.241685530115934
11:27:47.416786,96,0.0,3.1653718968197277,1.3853277356802818,0.20888000557897612,17.519999608397484,3.4552441564122756,90.0,23.636632362256165
11:27:47.416786,97,0.0,3.213987226485421,0.6721093769581286,-0.06972000186215155,6.11999986320734,3.2835110638775826,90.0,11.811486204282007
11:27:47.416786,98,0.026202085241096705,2.718532164346543,2.0223290574544754,0.3480400092958007,58.87999868392944,3.3883504090460286,89.44778199311764,36.64446091091317
11:27:47.416786,99,0.026811660189694175,2.7817770965377773,2.022848528860083,0.3480400092958007,68.87999846041203,3.4396102759841374,89.44778199311764,36.0225767389867
11:27:47.416786,100,0.0276365338464593,2.8444406358980756,1.9380159506406798,0.3480400092958007,44.99999899417162,3.4420215185395038,89.44333275711769,34.266701777453655
11:27:47.416786,101,0.028318615862506342,2.9068929528177603,1.9075636951661485,0.3480400092958007,23.999999463558197,3.4770142125481533,89.44184878107401,33.27247257289429
11:27:47.416786,102,0.03153455620989312,3.103129419354464,1.3974256142738866,0.20888000557897612,8.639999806880951,3.403410784628749,89.41777008192838,24.24225718941691
11:27:47.416786,103,0.03216549671769091,3.16521654810865,1.3853693612419602,0.20888000557897612,15.119999662041664,3.455268250464483,89.41777008192838,23.637210959278757
11:27:47.416786,104,0.05240155029562143,2.718152534783418,2.022430778889338,0.3480400092958007,49.75999888777733,3.3884104503766714,88.89556757207733,36.64584944558655
11:27:47.416786,105,0.053620639235832206,2.781388635132862,2.0229526167798206,0.3480400092958007,55.519998759031296,3.4396707985408472,88.89556757207733,36.02398742775507
11:27:47.416786,106,0.05527030406268787,2.844040223290686,1.938123240875469,0.3480400092958007,35.759999200701714,3.442083859383462,88.88666954953652,34.26815581314937
11:27:47.416786,107,0.0566343998871518,2.9064826578481324,1.9076736333719189,0.3480400092958007,19.239999569952488,3.477077449106497,88.88370175184832,33.27395559660089
11:27:47.416786,108,0.06432777691265831,3.164750517510158,1.3854942337644744,0.20888000557897612,12.999999709427357,3.4553405292037347,88.83554718385345,23.638946666733506
11:27:47.416786,109,0.07859577523901864,2.7175198610257265,2.0226003033117834,0.3480400092958007,40.99999908357859,3.3885105102259345,88.34336032030994,36.648163491781546
11:27:47.416786,110,0.08042425626297008,2.7807412426201634,2.023126085080784,0.3480400092958007,44.75999899953604,3.439771660377834,88.34336032030994,36.02633839343787
11:27:47.416786,111,0.08289854729481566,2.8433729134351027,1.9383020460123739,0.3480400092958007,28.639999359846115,3.4421877513546195,88.330014410016,34.27057901170608
11:27:47.416786,112,0.09648362438382833,3.163973851626922,1.3857023407606763,0.20888000557897612,11.119999751448631,3.4554609823788716,88.25333832222381,23.64183923381221
11:27:47.416786,113,0.10478214067073957,2.716634206340313,2.022837613769513,0.3480400092958007,33.639999248087406,3.388650575043485,87.79116381642534,36.6514027821573
11:27:47.461784,1,-0.4461458776201503,0.6920079687383518,-1.8972247685758359,0.20888000557897612,5.519999876618385,2.068183501387744,122.810363484464,-66.54006788894421
11:27:47.461784,2,-0.21537333606357079,3.0550907539696404,1.533481272781529,0.3480400092958007,5.359999880194664,3.42513211465625,94.03248304109614,26.597142191498303
11:27:47.461784,3,-0.2987831398171251,0.45142881442065286,-2.01012524322293,0.20888000557897612,5.639999873936176,2.0817451411184464,123.49902260547067,-74.92720674848395
11:27:47.461784,4,-0.19759809615255838,2.9011260785680095,1.9383921900506988,0.4872000130126253,22.639999493956566,3.4947019635156384,93.89644504339522,33.68770943867304
11:27:47.461784,5,-0.20237915215993843,2.9634030400799314,1.9073501093127159,0.41748001115047373,10.639999762177467,3.5299715776021743,93.90682423515828,32.70611713399418
11:27:47.461784,6,-0.1884155308596161,3.119436105190201,1.52342840496059,0.5566400148672983,8.999999798834324,3.476667388703453,93.45649501686891,25.988224158569636
11:27:47.461784,7,-0.15712081958853955,2.7141043337342525,2.0235154910912603,0.41748001115047373,21.639999516308308,3.3890506383100165,93.31318267180212,36.66065549200575
11:27:47.461784,8,-0.1694065078695303,2.902898589426299,1.937917247197645,0.4872000130126253,24.23999945819378,3.4944301455870947,93.33986236403669,33.68132169088797
11:27:47.461784,9,-0.17350544413414673,2.9652184383640217,1.906863674808553,0.41748001115047373,11.519999742507935,3.5296959643377974,93.34876081891161,32.699606410699424
11:27:47.461784,10,-0.13095802797618,2.715495659291904,2.023142686531679,0.41748001115047373,26.75999940186739,3.3888306258636183,92.76101836819511,36.655566942536595
11:27:47.461784,11,-0.13400468370748791,2.778669949112672,2.0236810865034043,0.41748001115047373,46.879998952150345,3.440094341908222,92.76101836819511,36.033859952931834
11:27:47.461784,12,-0.11324614677047662,2.9048416831112824,1.9081133312274576,0.4872000130126253,24.999999441206455,3.477330352225266,92.23256299422651,33.279886786842745
11:27:47.461784,13,-0.11570886596704964,2.9680121271397466,1.9061151081571936,0.41748001115047373,11.999999731779099,3.529271785235177,92.23256299422651,32.68958653729931
11:27:47.461784,14,-0.12830142039521897,3.1799060643880783,1.4812154542658966,0.5566400148672983,10.759999759495258,3.5103081139358174,92.31049113031442,24.958497644384362
11:27:47.461784,15,-0.07837432891603921,2.717164190209442,2.0497844621836783,0.41748001115047373,33.11999925971031,3.4045176036259828,91.65219074997842,37.018854357399
11:27:47.461784,16,-0.08042425626297008,2.7807412426201634,2.023126085080784,0.41748001115047373,56.23999874293804,3.439771660377834,91.65663967969007,36.02633839343787
11:27:47.461784,17,-0.08494452051925687,2.905798878486852,1.907856851499575,0.4872000130126253,24.35999945551157,3.4771828337888078,91.67443690056464,33.27642710174614
11:27:47.461784,18,-0.08679177543513894,2.968990138264845,1.9058530508660347,0.4872000130126253,12.11999972909689,3.52912327708915,91.67443690056464,32.68607861446196
11:27:47.461784,19,-0.09812503052205164,3.243387054179332,1.4707429882416334,0.3480400092958007,6.6399998515844345,3.5626216529818273,91.73289084792756,24.382486268647597
11:27:47.461784,20,-0.05225390711001638,2.717795081386876,2.049615415402173,0.41748001115047373,40.759999088943005,3.4044182948446835,91.10146623250394,37.016551461838006
11:27:47.461784,21,-0.053620639235832206,2.781388635132862,2.0229526167798206,0.41748001115047373,66.63999851047993,3.4396707985408472,91.10443242792269,36.02398742775507
11:27:47.461784,22,-0.0566343998871518,2.9064826578481324,1.9076736333719189,0.4872000130126253,22.759999491274357,3.477077449106497,91.1162982481517,33.27395559660089
11:27:47.461784,23,-0.05786600579839895,2.969688787505651,1.9056658483661681,0.4872000130126253,11.639999739825726,3.5290171854062984,91.1162982481517,32.68357264816575
11:27:47.461784,24,-0.026128259957060904,2.7181736413305386,2.049513980570982,0.41748001115047373,48.75999891012907,3.404358704212647,90.5507348364815,37.015169619034516
11:27:47.461784,25,-0.026811660189694175,2.7817770965377773,2.022848528860083,0.41748001115047373,76.63999828696251,3.4396102759841374,90.55221800688237,36.0225767389867
11:27:47.461784,26,-0.027421235138291644,2.845022028729012,2.02336800026569,0.41748001115047373,46.11999896913767,3.491263429274427,90.55221800688237,35.41902472187039
11:27:47.461784,27,-0.028934449609559303,2.970108004997827,1.9055535193776867,0.4872000130126253,10.759999759495258,3.528953524621579,90.55815121892599,32.682068945519376
11:27:47.461784,28,0.0,2.718299832184753,2.0494801678335026,0.41748001115047373,55.359998762607574,3.4043388397746925,90.0,37.01470898718746
11:27:47.461784,29,0.0,2.781906587989095,2.0228138317302755,0.41748001115047373,83.8799981251359,3.4395901008894136,90.0,36.02210649116932
11:27:47.461784,30,0.0,2.9702477488199737,1.905516075133395,0.4872000130126253,9.519999787211418,3.5289323033974314,90.0,32.68156769082402
11:27:47.461784,31,0.02552040250702537,2.654937049950619,2.0483620691149396,0.41748001115047373,14.879999667406082,3.3533757910996873,89.44926516351852,37.64996314664938
11:27:47.461784,32,0.026128259957060904,2.7181736413305386,2.049513980570982,0.41748001115047373,57.879998706281185,3.404358704212647,89.44926516351852,37.015169619034516
11:27:47.461784,33,0.026811660189694175,2.7817770965377773,2.022848528860083,0.41748001115047373,85.9999980777502,3.4396102759841374,89.44778199311764,36.0225767389867
11:27:47.461784,34,0.028934449609559303,2.970108004997827,1.9055535193776867,0.4872000130126253,8.239999815821648,3.528953524621579,89.44184878107401,32.682068945519376
11:27:47.461784,35,0.05240155029562143,2.718152534783418,2.022430778889338,0.41748001115047373,55.11999876797199,3.3884104503766714,88.89556757207733,36.64584944558655
11:27:47.461784,36,0.053620639235832206,2.781388635132862,2.0229526167798206,0.41748001115047373,81.87999816983938,3.4396707985408472,88.89556757207733,36.02398742775507
11:27:47.461784,37,0.07859577523901864,2.7175198610257265,2.0226003033117834,0.41748001115047373,48.35999891906977,3.3885105102259345,88.34336032030994,36.648163491781546
11:27:47.461784,38,0.08042425626297008,2.7807412426201634,2.023126085080784,0.41748001115047373,72.99999836832285,3.439771660377834,88.34336032030994,36.02633839343787
11:27:47.461784,39,0.10478214067073957,2.716634206340313,2.022837613769513,0.41748001115047373,40.23999910056591,3.388650575043485,87.79116381642534,36.6514027821573
11:27:47.461784,40,0.10721983093186115,2.779834983738391,2.0233689164162887,0.41748001115047373,62.23999860882759,3.4399128478611933,87.79116381642534,36.02962936269003
11:27:47.461784,41,0.13095802797618,2.715495659291904,2.023142686531679,0.41748001115047373,32.63999927043915,3.3888306258636183,87.23898163180489,36.655566942536595
11:27:47.461784,42,0.13400468370748791,2.778669949112672,2.0236810865034043,0.41748001115047373,51.639998845756054,3.440094341908222,87.23898163180489,36.033859952931834
11:27:47.461784,43,0.15712081958853955,2.7141043337342525,2.0235154910912603,0.41748001115047373,26.239999413490295,3.3890506383100165,86.68681732819789,36.66065549200575
11:27:47.461784,44,0.16077613612701314,2.7772462552454953,2.0240625641253835,0.41748001115047373,42.51999904960394,3.4403161179921944,86.68681732819789,36.03902967245199
11:27:47.461784,45,0.18326789925057618,2.7124603687987467,2.023955990168114,0.41748001115047373,21.239999525249004,3.3893105826018575,86.13467445532278,36.66666784304313
11:27:47.461784,46,0.18753151106762406,2.7755640445050536,2.024513311134784,0.41748001115047373,34.879999220371246,3.4405781461484763,86.13467445532278,36.045137920540334
11:27:47.461784,47,0.2142681330142423,2.773623485111011,2.025033282457282,0.41748001115047373,28.759999357163906,3.440880390982005,85.58255654847484,36.05218398764953
11:27:47.517127,1,-0.4936990677583492,0.39101769447957246,-1.9331473990703971,0.06972000186215155,8.239999815821648,2.033148414020537,141.62020319839516,-71.95521793941185
11:27:47.517127,2,-0.41252946077168007,3.219388961472531,-0.416509458745451,-0.3480400092958007,7.879999823868275,3.2723273018572243,97.30203503190752,-7.3125769024359455
11:27:47.517127,3,-0.25110345975900217,3.1151905363233636,1.5245660017098697,0.3480400092958007,5.999999865889549,3.4773217450605864,94.6084275510026,26.003821995984847
11:27:47.517127,4,-0.27119967970966324,3.3645043222276145,1.486516242416108,0.27832000743364915,5.999999865889549,3.688247434694401,94.6084275510026,23.768446448373332
11:27:47.517127,5,-0.2777783081538026,3.3737547710786036,1.2039941238171978,0.3480400092958007,6.11999986320734,3.592907443010851,94.70683474061266,19.578802472452896
11:27:47.517127,6,-0.23735907445288784,3.366960492814992,1.4858581134907474,0.27832000743364915,7.639999829232693,3.687890538482452,94.03248304109613,23.759716201334623
11:27:47.517127,7,-0.24311681413879768,3.376270522244052,1.2033200303240583,0.3480400092958007,8.119999818503857,3.5925321877570164,94.1186174508722,19.569520757241918
11:27:47.517127,8,-0.25377078572197687,1.8051135964740495,-1.03546982287441,0.20888000557897612,5.639999873936176,2.0964332715221317,98.00244693093538,-29.59854342965603
11:27:47.517127,9,-0.18753151106762406,2.7755640445050536,2.024513311134784,0.5566400148672983,23.999999463558197,3.4405781461484763,93.86532554467723,36.045137920540334
11:27:47.517127,10,-0.20349473348752684,3.3690896709041187,1.4852876019412238,0.27832000743364915,9.519999787211418,3.687581128277762,93.45649501686891,23.752147518649842
11:27:47.517127,11,-0.20843100864606237,3.3784513488880545,1.2027356795859656,0.3480400092958007,10.759999759495258,3.592206858898558,93.53034541027965,19.561473769504012
11:27:47.517127,12,-0.22846608696059295,1.807442641079293,-1.0360938884955209,0.20888000557897612,7.1199998408555984,2.095837827566948,97.20414924663011,-29.627415343060235
11:27:47.517127,13,-0.2709925894287236,3.3785768842215482,-0.32418328039050115,-0.3480400092958007,4.999999888241291,3.404895526357045,94.58582505521163,-5.46346042343708
11:27:47.517127,14,-0.16077613612701314,2.7772462552454953,2.0240625641253835,0.5566400148672983,27.87999937683344,3.4403161179921944,93.31318267180212,36.03902967245199
11:27:47.517127,15,-0.17022348229147535,3.3475309868462313,1.3502581835480671,0.27832000743364915,11.119999751448631,3.6136044199742816,92.911009264915,21.941495581243572
11:27:47.517127,16,-0.17372436022708612,3.3802970329297737,1.2022411300375038,0.3480400092958007,13.519999697804451,3.591931502537875,92.94202639021115,19.554662723007027
11:27:47.517127,17,-0.20313854178192203,1.8095271486918676,-1.0366524306269267,0.20888000557897612,8.759999804198742,2.095304758486202,96.40523926413955,-29.653279036251703
11:27:47.517127,18,-0.13400468370748791,2.778669949112672,2.0236810865034043,0.5566400148672983,31.359999299049377,3.440094341908222,92.76101836819511,36.033859952931834
11:27:47.517127,19,-0.1361992169748676,3.349010907140755,1.349861640100287,0.27832000743364915,11.879999734461308,3.613384940781503,92.32884949360569,21.936118810156017
11:27:47.517127,20,-0.13905596004511048,3.347152275957227,1.0671321206600248,0.3480400092958007,15.75999964773655,3.515897592566381,92.3789597779607,17.668921367783156
11:27:47.517127,21,-0.15242504513726435,1.812961743617289,-1.0375727275635214,0.20888000557897612,10.359999768435955,2.0944261369617556,94.8058493903176,-29.695941901864476
11:27:47.517127,22,-0.08042425626297008,2.7807412426201634,2.023126085080784,0.5566400148672983,33.87999924272299,3.439771660377834,91.65663967969007,36.02633839343787
11:27:47.517127,23,-0.08225273728692149,2.843962624214601,2.023651866849785,0.4872000130126253,29.759999334812164,3.4914260408786277,91.65663967969007,35.422843301773234
11:27:47.517127,24,-0.08494452051925687,2.905798878486852,1.907856851499575,0.4872000130126253,16.119999639689922,3.4771828337888078,91.67443690056464,33.27642710174614
11:27:47.517127,25,-0.10216133185067013,3.3501621097587897,1.34955317628846,0.27832000743364915,11.359999746084213,3.613214202758984,91.7466616777762,21.931936067108243
11:27:47.517127,26,-0.10430413915377704,3.3483276247500684,1.0668171869001581,0.3480400092958007,16.239999637007713,3.515718439575987,91.78425042954126,17.664464869781007
11:27:47.517127,27,-0.11942854639182154,1.629009110003269,-1.1414929405102474,0.20888000557897612,11.519999742507935,1.9927217546365166,94.1930590411274,-34.947881964689536
11:27:47.517127,28,-0.053620639235832206,2.781388635132862,2.0229526167798206,0.4872000130126253,34.639999225735664,3.4396707985408472,91.10443242792269,36.02398742775507
11:27:47.517127,29,-0.05498875708552612,2.8447143606431173,1.9950226039661054,0.4872000130126253,29.11999934911728,3.4749875895304565,91.10739813390938,35.037277982686874
11:27:47.517127,30,-0.06811323067887848,3.350984479581038,1.3493328229587087,0.27832000743364915,10.119999773800373,3.613092229891209,91.16445281614656,21.928947959472524
11:27:47.517127,31,-0.0695418879359143,3.3491672435649544,1.0665922117167594,0.3480400092958007,14.999999664723873,3.5155904547658867,91.18951486015276,17.661281157053637
11:27:47.517127,32,-0.07167624111628838,1.6308551019932986,-1.14198757257321,0.20888000557897612,11.879999734461308,1.9922252541190681,92.51653562019828,-34.97522062182185
11:27:47.517127,33,-0.026202085241096705,2.718532164346543,2.0223290574544754,0.5566400148672983,19.759999558329582,3.3883504090460286,90.55221800688237,36.64446091091317
11:27:47.517127,34,-0.026811660189694175,2.7817770965377773,2.022848528860083,0.4872000130126253,33.2399992570281,3.4396102759841374,90.55221800688237,36.0225767389867
11:27:47.517127,35,-0.0276365338464593,2.8444406358980756,1.9380159506406798,0.5566400148672983,27.119999393820763,3.4420215185395038,90.55666724288233,34.266701777453655
11:27:47.517127,36,-0.034058318241084254,3.351477934371207,1.3492006021461818,0.27832000743364915,8.639999806880951,3.6130190393146453,90.58222991807162,21.927154921246885
11:27:47.517127,37,-0.03477268258752025,3.3496710484407086,1.0664572176071583,0.3480400092958007,12.879999712109566,3.515513656523412,90.59476180306106,17.65937072942866
11:27:47.517127,38,-0.04778814309591091,1.6314320754586835,-1.1421421721473144,0.20888000557897612,11.359999746084213,1.9920700451674305,91.67783644952381,-34.98377062624979
11:27:47.517127,39,0.0,2.781995628334955,1.9949940894389082,0.4872000130126253,30.119999326765537,3.4233756867996505,90.0,35.64464755278888
11:27:47.517127,40,0.0,2.844574111216345,1.93798018603694,0.4872000130126253,24.35999945551157,3.4420007373145682,90.0,34.266217079459814
11:27:47.517127,41,0.0,3.3229346718930555,1.2156471864037273,0.27832000743364915,7.239999838173389,3.538317808716496,90.0,20.09430932780388
11:27:47.517127,42,0.0,3.349838988997265,1.0664122180706526,0.3480400092958007,10.639999762177467,3.5154880558830786,90.0,17.6587338868848
11:27:47.517127,43,0.0,1.6318936888516489,-1.1422658610831746,0.20888000557897612,10.359999768435955,1.9919458599846354,90.0,-34.99061292068094
11:27:47.517127,44,0.027022172800579832,2.781208628088373,1.939393858073059,0.5566400148672983,26.239999413490295,3.3907374076309096,89.44333275711769,34.88758633634564
11:27:47.517127,45,0.027702782115453385,2.8436779006376938,1.9095738709546102,0.4872000130126253,21.239999525249004,3.425455271251504,89.44184878107401,33.88071558256286
11:27:47.517127,46,0.03412656910335048,3.322769851850939,1.2156913498009088,0.27832000743364915,6.11999986320734,3.538342771562562,89.41156332835111,20.09492293439022
11:27:47.517127,47,0.03477268258752025,3.3496710484407086,1.0664572176071583,0.3480400092958007,8.759999804198742,3.515513656523412,89.40523819693895,17.65937072942866
11:27:47.517127,48,0.02389526630126078,1.6317782826182756,-1.142234938076141,0.20888000557897612,9.119999796152115,1.9919769077823324,89.16103794588018,-34.988902156095406
11:27:47.517127,49,0.054041643406518805,2.780817116666264,1.9394987632424407,0.4872000130126253,22.239999502897263,3.3907992845618433,88.88666954953652,34.889018305944354
11:27:47.517127,50,0.0695418879359143,3.3491672435649544,1.0665922117167594,-0.13916000371682458,7.239999838173389,3.5155904547658867,88.81048513984726,17.661281157053637
11:27:47.517127,51,0.04778814309591091,1.6314320754586835,-1.1421421721473144,0.20888000557897612,7.879999823868275,1.9920700451674305,88.3221635504762,-34.98377062624979
11:27:47.517127,52,0.13675565898665967,-0.006796108262103986,1.7872543567352246,-3.33984008920379,5.359999880194664,1.7924916828318695,-2.844988285094367,85.61903620522031
11:27:47.566509,1,-0.5006007143642935,3.086131418102856,1.532352368969815,0.41748001115047373,12.23999972641468,3.481797235295443,99.21368520442383,26.1105073769598
11:27:47.566509,2,-0.46955610069694953,3.090816954660418,1.5310968832331098,0.41748001115047373,13.35999970138073,3.481075989513037,98.63830767815763,26.093314109608748
11:27:47.566509,3,-0.43846453181293044,3.095202394006507,1.5299218083018695,0.41748001115047373,14.239999681711197,3.480400802355845,98.06283833046083,26.077218954492167
11:27:47.566509,4,-0.40732911684307593,3.0992872976008625,1.528827261682603,0.41748001115047373,14.6399996727705,3.4797717681713185,97.4872830648585,26.062224128025544
11:27:47.566509,5,-0.3761529693027978,3.103071256956546,1.5278133528290554,0.41748001115047373,14.239999681711197,3.4791889749118186,96.91164782962441,26.04833169711521
11:27:47.566509,6,-0.38127695765985736,3.289549784155804,0.9386341357043169,-0.06972000186215155,5.359999880194664,3.4420261390046476,96.61139605450101,15.824885356350645
11:27:47.566509,7,-0.30741465086354164,3.047515569717932,1.535511037284291,0.41748001115047373,10.87999975681305,3.426317127888288,95.76016144860942,26.62518293294437
11:27:47.566509,8,-0.34002149454691394,3.3352069494854217,1.353560399406387,0.06972000186215155,6.8799998462200165,3.6154316156568287,95.82114368728546,21.986256496707565
11:27:47.566509,9,-0.2880617855371463,3.174890728458345,1.5157578005146255,0.41748001115047373,11.519999742507935,3.5299337727156503,95.18432239529466,25.429564840687885
11:27:47.566509,10,-0.26617562472199796,3.302175875751552,1.4960286822395483,0.20888000557897612,7.759999826550484,3.6350126266183826,94.6084275510026,24.302919205812387
11:27:47.566509,11,-0.22856477909716102,3.242212597276851,1.50490737720706,0.20888000557897612,9.239999793469906,3.5817496559861173,94.03248304109614,24.844679527910948
11:27:47.566509,12,-0.05605881711625377,2.9078608358317504,2.0239962925607866,0.5566400148672983,10.119999773800373,3.543354092359442,91.10443242792269,34.834586832226854
11:27:47.566509,13,0.0,2.8438116959131925,1.9095380206185892,0.5566400148672983,17.359999611973763,3.425434339467132,90.0,33.880228382001704
11:27:47.566509,14,0.027022172800579832,2.781208628088373,1.939393858073059,0.5566400148672983,15.639999650418758,3.3907374076309096,89.44333275711769,34.88758633634564
11:27:47.566509,15,0.05240155029562143,2.718152534783418,2.022430778889338,0.5566400148672983,5.639999873936176,3.3884104503766714,88.89556757207733,36.64584944558655
11:27:47.620399,1,-0.23817638984989487,3.017973219746431,1.784743113395002,0.6958000185841229,15.75999964773655,3.5142848957646353,94.5123912689794,30.520981196881667
11:27:47.620399,2,-0.20237915215993843,2.9634030400799314,1.9073501093127159,0.6958000185841229,24.35999945551157,3.5299715776021743,93.90682423515828,32.70611713399418
11:27:47.620399,3,-0.1846457302026384,3.057022713761722,1.5329636057154312,0.06972000186215155,5.759999871253967,3.4248298256388163,93.45649501686891,26.589989281483973
11:27:47.620399,4,-0.112975330606146,2.90562627939552,1.9371863648731897,0.6958000185841229,24.999999441206455,3.494011807806325,92.22662863376628,33.67149112014323
11:27:47.620399,5,-0.13319435363250284,3.3098921399684644,1.4939611154740415,0.27832000743364915,8.359999813139439,3.63387486419291,92.3044131410353,24.2752538061326
11:27:47.620399,6,-0.13585148847398865,3.3670318748137684,1.4506868862544078,0.27832000743364915,6.9999998435378075,3.668767056503183,92.31049113031442,23.291882193735184
11:27:47.620399,7,-0.14101917701607397,3.321169400939243,0.7806316572006584,0.06972000186215155,13.239999704062939,3.4145919788819965,92.4313584229291,13.215625933992026
11:27:47.620399,8,-0.15514788185404244,1.8453474896552167,-1.0918342470208096,0.41748001115047373,5.999999865889549,2.149762834776921,94.8058493903176,-30.523113388140654
11:27:47.620399,9,-0.08225273728692149,2.843962624214601,2.023651866849785,0.6958000185841229,26.75999940186739,3.4914260408786277,91.65663967969007,35.422843301773234
11:27:47.620399,10,-0.10430413915377704,3.3483276247500684,1.0668171869001581,0.27832000743364915,10.99999975413084,3.515718439575987,91.78425042954126,17.664464869781007
11:27:47.620399,11,-0.06558959483473172,3.226828504867118,1.3734404301625527,0.06972000186215155,6.8799998462200165,3.507572210230125,91.16445281614656,23.05187640901356
11:27:47.620399,12,-0.026811660189694175,2.7817770965377773,2.022848528860083,0.6958000185841229,18.519999586045742,3.4396102759841374,90.55221800688237,36.0225767389867
11:27:47.676835,1,-0.32036284951778504,2.947056765306793,1.791378409227073,0.6958000185841229,19.519999563694,3.4636415141201624,96.204035724543,31.144291523273957
11:27:47.676835,2,-0.3520545300758173,3.306876934423234,0.7844613120614718,0.13916000371682458,21.239999525249004,3.4168343538557022,96.07689556199284,13.272767642557557
11:27:47.676835,3,-0.2975418109357062,3.01279840690967,1.7861297003155943,0.6958000185841229,20.51999954134226,3.515073921880139,95.64020052645444,30.539637513970185
11:27:47.676835,4,-0.3037181318875841,3.0753375501173505,1.7816902179827712,0.7655200204462744,13.999999687075615,3.5671228999930134,95.64020052645444,29.965300303746975
11:27:47.676835,5,-0.28241132564096877,3.1126138363587987,1.525256426384512,0.13916000371682458,8.759999804198742,3.477718823793807,95.18432239529466,26.01328718958755
11:27:47.676835,6,-0.31694948910033977,3.3101080025766936,0.7835955499590626,0.13916000371682458,23.23999948054552,3.4163275535696047,95.46951099087201,13.259854615234241
11:27:47.676835,7,-0.2818127534414927,3.312999826180015,0.7828206881598991,0.06972000186215155,24.35999945551157,3.4158739007876484,94.86203031678974,13.24829496966755
11:27:47.676835,8,-0.2868469006292847,3.3721814230185063,0.7610776700214013,0.06972000186215155,18.11999959498644,3.4688799221012174,94.86203031678974,12.673886237959955
11:27:47.676835,9,-0.2962803200721838,1.6730044583095312,-1.249922752078036,0.4872000130126253,6.7599998489022255,2.109273057654692,100.04265832988584,-36.340635284170816
11:27:47.676835,10,-0.2429222882675514,3.3016099954050797,0.9354026118395249,0.13916000371682458,16.759999625384808,3.4401479395706343,94.20806426837423,15.777815937366409
11:27:47.676835,11,-0.24641292381897803,3.303193087314196,0.7489572939594258,0.06972000186215155,24.119999460875988,3.395988947166986,94.2662714464158,12.740853671478217
11:27:47.676835,12,-0.2510538173051556,3.374779305586657,0.7603815694852343,0.06972000186215155,17.639999605715275,3.468478558649639,94.25446410237097,12.663591380611924
11:27:47.676835,13,-0.1980717637947946,2.9003306947328946,1.9093220469205128,0.7655200204462744,9.519999787211418,3.4780254802515915,93.90682423515828,33.29619010065456
11:27:47.676835,14,-0.20423072540246734,3.3457224968660086,1.3507427669777874,0.20888000557897612,10.639999762177467,3.613872609511374,93.49313400715273,21.94806559984899
11:27:47.676835,15,-0.2112568578892818,3.3054034809950874,0.748365020757676,0.06972000186215155,22.759999491274357,3.39564012175515,93.65694707043968,12.731938767575643
11:27:47.676835,16,-0.2152356288096291,3.377031329395858,0.7597781415242233,0.06972000186215155,16.359999634325504,3.4681305915389395,93.64682295088535,12.654665635868795
11:27:47.676835,17,-0.17607966645078782,3.3072741883041528,0.747863766244937,0.06972000186215155,20.359999544918537,3.3953448747398807,93.04755676435083,12.724392798634666
11:27:47.676835,18,-0.17939591693154622,3.3789372692456143,0.7592674464806588,0.06972000186215155,14.6399996727705,3.467836071643811,93.03911750123748,12.64711051723765
11:27:47.676835,19,-0.12862982357339403,3.1628866281248778,1.3859936614200412,0.20888000557897612,7.999999821186066,3.4556295929078127,92.32884949360569,23.645888242604258
11:27:47.676835,20,-0.13115295470721852,3.2249280544635037,1.3739496543134564,0.20888000557897612,6.5199998542666435,3.507862555258153,92.32884949360569,23.058897712657085
11:27:47.676835,21,-0.13367608584104307,3.286969480802129,1.3619056472068718,0.20888000557897612,9.63999978452921,3.5604528722543662,92.32884949360569,22.48918934684863
11:27:47.676835,22,-0.1408848671931684,3.308805022172228,0.7474535805462401,0.06972000186215155,17.759999603033066,3.395103249626967,92.43811146846963,12.718217058119334
11:27:47.676835,23,-0.14353826561206823,3.380496934543537,0.7588495354236173,0.06972000186215155,12.759999714791775,3.467595042037898,92.4313584229291,12.640927306539593
11:27:47.676835,24,-0.10567597956686314,3.3099958295172085,0.7471345046798115,0.06972000186215155,15.239999659359455,3.3949152820301536,91.82862214929027,12.71341260513061
11:27:47.676835,25,-0.027421235138291644,2.845022028729012,2.02336800026569,0.7655200204462744,5.639999873936176,3.491263429274427,90.55221800688237,35.41902472187039
11:27:47.735459,1,-0.40520426491505473,3.099377287677767,0.4724113082405954,0.27832000743364915,18.23999959230423,3.1612501501513184,97.44845117021484,8.594366734863277
11:27:47.735459,2,-0.3741907492478002,3.1032742951365915,0.4724113082405954,0.27832000743364915,19.35999956727028,3.1612501501513175,96.87549338789063,8.594366734863279
11:27:47.735459,3,-0.3725452548046214,3.373104095234297,0.37481057309201843,0.20888000557897612,8.999999798834324,3.4142501621681722,96.3025356055664,6.302535605566405
11:27:47.735459,4,-0.3431398148191182,3.1068609777658285,0.4724113082405954,0.3480400092958007,19.759999558329582,3.1612501501513175,96.3025356055664,8.594366734863279
11:27:47.735459,5,-0.3467368421720487,3.4558028921331494,-0.1738025655124103,0.20888000557897612,12.11999972909689,3.477500165172387,95.72957782324218,-2.864788911621093
11:27:47.735459,6,-0.35834343751839176,3.5714817035177475,-0.3239222994744465,0.06972000186215155,21.119999527931213,3.6040001711808145,95.72957782324218,-5.156620040917967
11:27:47.735459,7,-0.2798458183295583,2.789123827386045,0.7757884035406434,0.7655200204462744,19.519999563694,2.908500138146337,95.72957782324218,15.4698601227539
11:27:47.735459,8,-0.28593151473985384,2.8497778009401684,0.7926591673446474,0.7655200204462744,19.239999569952488,2.9717501411505514,95.72957782324218,15.469860122753897
11:27:47.735459,9,-0.3037181318875841,3.0270506935331394,0.58508487150732,0.7655200204462744,20.75999953597784,3.0980001471471046,95.72957782324218,10.886197864160152
11:27:47.735459,10,-0.3120545666964371,3.11013697690022,0.4724113082405954,0.3480400092958007,19.35999956727028,3.161250150151318,95.72957782324218,8.594366734863277
11:27:47.735459,11,-0.2880617855371463,3.1920400539327782,0.3539801399824891,0.3480400092958007,10.759999759495258,3.2245001531555313,95.15662004091797,6.302535605566405
11:27:47.735459,12,-0.29936270532950143,3.31726662140758,0.367867095388842,0.3480400092958007,6.359999857842922,3.3510001591639593,95.15662004091797,6.302535605566403
11:27:47.735459,13,-0.2519410533570424,2.791782783843053,0.7757884035406434,0.7655200204462744,23.35999947786331,2.908500138146337,95.15662004091797,15.4698601227539
11:27:47.735459,14,-0.25741991587202717,2.852494580672371,0.7926591673446474,0.7655200204462744,22.639999493956566,2.9717501411505505,95.15662004091797,15.4698601227539
11:27:47.735459,15,-0.24979356648464715,3.115755645396638,0.4724113082405954,0.3480400092958007,17.999999597668648,3.161250150151318,94.58366225859375,8.594366734863277
11:27:47.735459,16,-0.2611515697343327,3.2574276798035617,0.36092361768566555,0.3480400092958007,4.999999888241291,3.2877501561597455,94.58366225859375,6.302535605566403
11:27:47.735459,17,-0.28154434866273736,3.511793382514355,-0.35348517890724607,0.06972000186215155,22.99999948590994,3.5407501681766003,94.58366225859375,-5.729577823242186
11:27:47.735459,18,-0.2868469006292847,3.5779338218270476,-0.3239222994744465,0.06972000186215155,23.23999948054552,3.6040001711808145,94.58366225859375,-5.156620040917967
11:27:47.735459,19,-0.29188104781707663,3.640726361846626,-0.32960711785451274,0.06972000186215155,11.759999737143517,3.6672501741850287,94.58366225859375,-5.156620040917967
11:27:47.735459,20,-0.22401109449026732,2.794162564360634,0.7757884035406434,0.7655200204462744,27.639999382197857,2.908500138146337,94.58366225859375,15.4698601227539
11:27:47.735459,21,-0.22888257522827984,2.8549261133363295,0.7926591673446474,0.7655200204462744,25.999999418854713,2.971750141150551,94.58366225859375,15.4698601227539
11:27:47.735459,22,-0.21862404044339706,3.1180977528965226,0.4724113082405954,0.3480400092958007,16.119999639689922,3.161250150151318,94.01070447626952,8.594366734863277
11:27:47.735459,23,-0.22416763141929763,3.1971625187378088,0.3539801399824891,0.3480400092958007,7.999999821186066,3.224500153155532,94.01070447626952,6.302535605566403
11:27:47.735459,24,-0.2510538173051556,3.580623347769357,-0.3239222994744465,0.06972000186215155,22.759999491274357,3.6040001711808145,94.01070447626952,-5.156620040917967
11:27:47.735459,25,-0.19605873470171983,2.796262930962731,0.7757884035406434,0.7655200204462744,31.63999929279089,2.908500138146337,94.01070447626952,15.4698601227539
11:27:47.735459,26,-0.2003223465187677,2.857072155780813,0.7926591673446474,0.7655200204462744,28.999999351799488,2.9717501411505505,94.01070447626952,15.4698601227539
11:27:47.735459,27,-0.18743265218126612,3.1201280532334623,0.4724113082405954,0.3480400092958007,13.999999687075615,3.1612501501513175,93.43774669394531,8.594366734863279
11:27:47.735459,28,-0.19218533151659375,3.1992443008541693,0.3539801399824891,0.3480400092958007,6.7599998489022255,3.224500153155532,93.43774669394531,6.302535605566403
11:27:47.735459,29,-0.2152356288096291,3.582954814376739,-0.3239222994744465,0.06972000186215155,21.359999522566795,3.6040001711808145,93.43774669394531,-5.156620040917967
11:27:47.735459,30,-0.16808676920396037,2.798083673614443,0.7757884035406434,0.7655200204462744,34.35999923199415,2.908500138146337,93.43774669394531,15.4698601227539
11:27:47.735459,31,-0.17174208574243396,2.8589324934033766,0.7926591673446474,0.7655200204462744,30.759999312460423,2.971750141150551,93.43774669394531,15.4698601227539
11:27:47.735459,32,-0.17719829156124686,2.949760108770147,0.6919118016015825,0.8349600223009475,9.63999978452921,3.0350001441547647,93.43774669394531,13.178028993457024
11:27:47.735459,33,-0.15622252081094823,3.1218463433791244,0.4724113082405954,0.7655200204462744,11.879999734461308,3.1612501501513175,92.86478891162109,8.59436673486328
11:27:47.735459,34,-0.16018381324175127,3.2010061612207736,0.3539801399824891,0.3480400092958007,5.639999873936176,3.2245001531555313,92.86478891162109,6.302535605566405
11:27:47.735459,35,-0.17922505624193724,3.581513622788748,-0.3597996426694104,0.06972000186215155,19.35999956727028,3.604000171180815,92.86478891162109,-5.729577823242185
11:27:47.735459,36,-0.11051850074166644,2.7614888431159232,0.6763234151398029,0.7655200204462744,14.239999681711197,2.8452501351421238,92.29183112929687,13.750986775781245
11:27:47.735459,37,-0.14047871644891735,2.807232689577182,0.7477188043585553,0.7655200204462744,34.879999220371246,2.908500138146337,92.86478891162109,14.896902340429682
11:27:47.735459,38,-0.14314465090141165,2.8605069401718155,0.7926591673446474,0.7655200204462744,30.759999312460423,2.971750141150551,92.86478891162109,15.4698601227539
11:27:47.735459,39,-0.08474138469623806,2.8238654216679815,0.6913581066458543,0.7655200204462744,32.99999926239252,2.908500138146337,91.71887334697266,13.750986775781247
11:27:47.735459,40,-0.08590969933482433,2.8627975599774795,0.7926591673446474,0.7655200204462744,28.879999354481697,2.971750141150551,91.71887334697266,15.4698601227539
11:27:47.735459,41,-0.05649896471885692,2.8245716292843452,0.6913581066458543,0.7655200204462744,29.35999934375286,2.9085001381463376,91.14591556464843,13.750986775781243
11:27:47.735459,42,-0.05743356080095325,2.8712952036270893,0.7639791496828389,0.7655200204462744,25.879999421536922,2.971750141150551,91.14591556464843,14.896902340429682
11:27:47.735459,43,-0.028318615862506342,2.8317672535342675,0.6630726441377933,0.7655200204462744,25.119999438524246,2.908500138146337,90.57295778232422,13.178028993457026
11:27:47.735459,44,-0.02886525593821823,2.8864294401815997,0.7063927981519056,0.7655200204462744,22.519999496638775,2.9717501411505514,90.57295778232422,13.750986775781243
11:27:47.735459,45,0.0,2.8319088477903693,0.6630726441377933,0.7655200204462744,20.999999530613422,2.908500138146337,90.0,13.178028993457026
11:27:47.735459,46,0.0,2.893493250273691,0.6774922228696879,0.7655200204462744,19.119999572634697,2.971750141150551,90.0,13.178028993457026
11:27:47.735459,47,0.028318615862506342,2.8317672535342675,0.6630726441377933,0.7655200204462744,17.519999608397484,2.908500138146337,89.42704221767578,13.178028993457026
11:27:47.793237,1,-0.5400281302076606,3.0493603211241616,1.9141154131322424,0.7655200204462744,20.63999953866005,3.64061348734694,100.04270207810515,31.719909842921883
11:27:47.793237,2,-0.562536663313449,3.075861957514847,1.5351040626410755,0.13916000371682458,21.87999951094389,3.483377493524931,100.36414142057441,26.148178639761504
11:27:47.793237,3,-0.510324779756296,3.054433178296914,1.912756145149485,0.7655200204462744,25.119999438524246,3.6398666860643973,99.48518190769431,31.702023849366363
11:27:47.793237,4,-0.5315952683796047,3.08114625288355,1.5336881399644637,0.13916000371682458,27.239999391138554,3.4825644389859582,99.78896505353252,26.128796391379883
11:27:47.793237,5,-0.5422313777429926,3.142793544459631,1.5243582150463941,0.20888000557897612,16.639999628067017,3.534803261552985,99.78896505353252,25.546452908121182
11:27:47.793237,6,-0.4805703972545063,3.059218874283911,1.9114738217745484,0.7655200204462744,30.63999931514263,3.6391620187649893,98.92759260764394,31.685148133835916
11:27:47.793237,7,-0.5006007143642935,3.086131418102856,1.532352368969815,0.13916000371682458,33.99999924004078,3.481797235295443,99.21368520442383,26.1105073769598
11:27:47.793237,8,-0.5106166875342553,3.147878452407326,1.5229957180682225,0.20888000557897612,19.239999569952488,3.5340322734764236,99.21368520442383,25.52794567078901
11:27:47.793237,9,-0.4507679581156133,3.063716930519563,1.9102685712386955,0.7655200204462744,36.51999918371439,3.638499580414743,98.36993802001372,31.669284764861708
11:27:47.793237,10,-0.46710663871492186,3.107611454287057,1.6563941952119303,0.13916000371682458,41.999999061226845,3.552334344157296,98.54816381209487,27.793306945239387
11:27:47.793237,11,-0.4789509360845595,3.1526577367504998,1.5217151126880704,0.20888000557897612,21.99999950826168,3.533307471541689,98.63830767815763,25.510547221189043
11:27:47.793237,12,-0.4209204425585627,3.0679268972020153,1.9091405140659705,0.7655200204462744,41.879999063909054,3.6378794603432585,97.81222202731627,31.65443568864535
11:27:47.793237,13,-0.4361772604952983,3.1119740167778853,1.6552252501155826,0.13916000371682458,49.75999888777733,3.5516761553235763,97.97865514637898,27.777588040431432
11:27:47.793237,14,-0.4472372899425209,3.1571309195647235,1.5205165269654024,0.20888000557897612,24.35999945551157,3.5326289566782494,98.06283833046083,25.4942599589694
11:27:47.793237,15,-0.4581761461650386,3.3301886144418815,0.8878713362341364,0.06972000186215155,7.519999831914902,3.4768372263278557,97.83372360548427,14.795364140525281
11:27:47.793237,16,-0.5008779731952718,3.349348059119696,0.7671958514385733,0.06972000186215155,9.759999781847,3.4724055983749413,98.50526326462672,12.76429299173638
11:27:47.793237,17,-0.3910308353099037,3.071848353338127,1.9080897630611455,0.7655200204462744,44.87999899685383,3.637301742221569,97.25444855009609,31.640602728496635
11:27:47.793237,18,-0.40520426491505473,3.1160376112761816,1.6541364132513965,0.13916000371682458,54.87999877333641,3.551062962668688,97.40907064108201,27.762944092486276
11:27:47.793237,19,-0.4154789204461837,3.161297553535462,1.519400080757787,0.13916000371682458,25.75999942421913,3.5319968234316397,97.4872830648585,25.47908613286745
11:27:47.793237,20,-0.4236287240492915,3.2233078094700627,1.5099728998329707,0.20888000557897612,12.359999723732471,3.5845770585468397,97.4872830648585,24.912998396241914
11:27:47.793237,21,-0.44541618530621896,1.8456507079416222,-1.1374992790759277,0.6958000185841229,5.879999868571758,2.2133067396446457,103.56792010450222,-30.926400452721506
11:27:47.793237,22,-0.3611021253053196,3.0754809067855686,1.9071164232984406,0.7655200204462744,44.359999008476734,3.636766504041363,96.696621544488,31.62778758430537
11:27:47.793237,23,-0.3741907492478002,3.1198018314259017,1.6531277935021462,0.13916000371682458,54.63999877870083,3.5504948508398533,96.83941553910618,27.74937704562829
11:27:47.793237,24,-0.38367900340589056,3.16515722200281,1.518365885708909,0.13916000371682458,25.75999942421913,3.5314111599381466,96.91164782962441,25.465027839937843
11:27:47.793237,25,-0.3912050375089833,3.227243187049074,1.508918418588763,0.20888000557897612,12.879999712109566,3.583988666790603,96.91164782962441,24.898780979994317
11:27:47.793237,26,-0.33113730539073666,3.0788241942920402,1.9062205921110165,0.7655200204462744,40.51999909430742,3.636273818095599,96.13874499975636,31.61599183204755
11:27:47.793237,27,-0.3431398148191182,3.123266300808184,1.652199491728961,0.13916000371682458,49.239998899400234,3.549971898303925,96.26969512183285,27.736888702634694
11:27:47.793237,28,-0.31996725039040996,3.1719541493077696,1.5165446545265322,0.13916000371682458,24.119999460875988,3.5303795625691827,95.76016144860944,25.440265479120956
11:27:47.793237,29,-0.3262435501538441,3.2341734391026886,1.5070614631476527,0.13916000371682458,12.759999714791775,3.5829522662071622,95.76016144860944,24.873738293634005
11:27:47.793237,30,-0.3325198499172783,3.296392728897608,1.4975782717687731,0.13916000371682458,8.119999818503857,3.6358651176565906,95.76016144860944,24.323647993560208
11:27:47.793237,31,-0.2950154919593066,3.0192057361034155,1.907326068370422,0.6958000185841229,14.359999679028988,3.5833685476798407,95.58082293581647,32.1590808774056
11:27:47.793237,32,-0.3011393720230418,3.0818778815315917,1.9054023590812412,0.7655200204462744,34.879999220371246,3.6358237509604945,95.58082293581647,31.605216923326616
11:27:47.793237,33,-0.3120545666964371,3.1264306729789935,1.6513516007612412,0.7655200204462744,41.11999908089638,3.5494941773267774,95.6999147062524,27.7254807242475
11:27:47.793237,34,-0.2880617855371463,3.174890728458345,1.5157578005146255,0.13916000371682458,21.239999525249004,3.5299337727156503,95.18432239529466,25.429564840687885
11:27:47.793237,35,-0.2937122454333239,3.237167620557893,1.5062591746447385,0.13916000371682458,12.11999972909689,3.5825044016591776,95.18432239529466,24.862916499551922
11:27:47.793237,36,-0.29936270532950143,3.2994445126574408,1.4967605487748517,0.13916000371682458,9.239999793469906,3.6354152805169715,95.18432239529466,24.31270996261291
11:27:47.793237,37,-0.2711113249704394,3.084641663138057,1.904661806031733,0.7655200204462744,28.879999354481697,3.6354163634789356,95.02285940073932,31.59546418494978
11:27:47.793237,38,-0.24979356648464715,3.1318578899890404,1.6498973823462508,0.7655200204462744,32.99999926239252,3.5486746879950455,94.56019530880762,27.7059117908724
11:27:47.793237,39,-0.2561275147466674,3.177518982799427,1.5150535618864291,0.13916000371682458,17.999999597668648,3.529534740620322,94.6084275510026,25.419986593148224
11:27:47.793237,40,-0.2611515697343327,3.239847429275489,1.5055411220629886,0.13916000371682458,10.99999975413084,3.582103512962793,94.6084275510026,24.8532297953471
11:27:47.793237,41,-0.26617562472199796,3.302175875751552,1.4960286822395483,0.13916000371682458,10.119999773800373,3.6350126266183826,94.6084275510026,24.302919205812387
11:27:47.793237,42,-0.24105616701247728,3.0871152627355922,1.9039990070171755,0.7655200204462744,23.639999471604824,3.6350517107452793,94.46485846824099,31.586734818540123
11:27:47.793237,43,-0.21862404044339706,3.134120192111124,1.6492912003196032,0.7655200204462744,26.119999416172504,3.5483330330043916,93.99026711284884,27.69775344253432
11:27:47.793237,44,-0.22416763141929763,3.179838649507781,1.5144320090652161,0.13916000371682458,14.999999664723873,3.5291825220525097,94.03248304109614,25.41153206534054
11:27:47.793237,45,-0.22856477909716102,3.242212597276851,1.50490737720706,0.13916000371682458,9.759999781847,3.5817496559861173,94.03248304109614,24.844679527910948
11:27:47.793237,46,-0.23296192677502445,3.3045865450459213,1.4953827453489037,0.13916000371682458,10.519999764859676,3.6346572119131806,94.03248304109614,24.294277087087703
11:27:47.793237,47,-0.2109769036397709,3.089298432966308,1.9034140283169154,0.7655200204462744,19.239999569952488,3.6347298420915877,93.90682423515828,31.579029900184604
11:27:47.793237,48,-0.18743265218126612,3.1360813116416977,1.648765719925125,0.6263600167294499,20.75999953597784,3.5480368362704793,93.42030048451954,27.69068067124603
11:27:47.793237,49,-0.19218533151659375,3.1818494966186806,1.5138932042057482,0.6263600167294499,12.359999723732471,3.528877166256009,93.45649501686891,25.404202430863
11:27:47.793237,50,-0.19595513217357144,3.2442628880471593,1.5043580034509068,0.13916000371682458,8.51999980956316,3.5814428800599423,93.45649501686891,24.83726688678702
11:27:47.793237,51,-0.19972493283054915,3.306676279475639,1.4948228026960653,0.13916000371682458,10.519999764859676,3.6343490858063072,93.45649501686891,24.286784811030746
11:27:47.793237,52,-0.16808676920396037,2.903530098267981,2.0251567101936296,0.8349600223009475,8.879999801516533,3.5440090144315066,93.31318267180212,34.850076008631405
11:27:47.793237,53,-0.15622252081094823,3.1377410524704503,1.6483209937104157,0.6263600167294499,16.639999628067017,3.547786138801688,92.85030087511534,27.684694420347164
11:27:47.793237,54,-0.1664679665601205,3.308444870069012,1.4943489102748297,0.6263600167294499,9.999999776482582,3.634088291142112,92.88046965234024,24.280443422475493
11:27:47.793237,55,-0.14314465090141165,2.968192818574976,2.025296286418581,0.8349600223009475,12.519999720156193,3.5961763092349406,92.76101836819511,34.27603549780596
11:27:47.793237,56,-0.13319435363250284,3.3098921399684644,1.4939611154740415,0.6263600167294499,9.119999796152115,3.63387486419291,92.3044131410353,24.2752538061326
11:27:47.793237,57,-0.1361992169748676,3.349010907140755,1.349861640100287,0.06972000186215155,7.999999821186066,3.613384940781503,92.32884949360569,21.936118810156017
11:27:47.793237,58,-0.09990742138111226,3.311017944448218,1.493659457072856,0.6263600167294499,8.239999815821648,3.6337088346492905,91.72833169275327,24.27121668627968
11:27:47.850300,1,-0.636737493924828,3.141124744741659,0.3539801399824891,0.20888000557897612,23.759999468922615,3.2245001531555317,101.45915564648438,6.302535605566404
11:27:47.850300,2,-0.6492273827419301,3.202739302069899,0.36092361768566555,0.27832000743364915,16.99999962002039,3.287750156159745,101.45915564648438,6.302535605566405
11:27:47.850300,3,-0.605294934089679,3.147334958494789,0.3539801399824891,0.20888000557897612,27.87999937683344,3.2245001531555317,100.88619786416015,6.302535605566404
11:27:47.850300,4,-0.6171680631271025,3.2090713319247146,0.36092361768566555,0.27832000743364915,19.35999956727028,3.2877501561597455,100.88619786416015,6.302535605566403
11:27:47.850300,5,-0.5737918452682377,3.153230441388909,0.3539801399824891,0.20888000557897612,32.87999926507473,3.2245001531555317,100.31324008183593,6.302535605566404
11:27:47.850300,6,-0.5850470272230263,3.2150824573349004,0.36092361768566555,0.27832000743364915,22.239999502897263,3.2877501561597455,100.31324008183593,6.302535605566403
11:27:47.850300,7,-0.5315952683796047,3.0968491305683874,0.3470366622793127,0.3480400092958007,36.63999918103218,3.1612501501513175,99.74028229951172,6.302535605566405
11:27:47.850300,8,-0.5422313777429926,3.1588106038806694,0.3539801399824891,0.20888000557897612,38.87999913096428,3.2245001531555317,99.74028229951172,6.302535605566404
11:27:47.850300,9,-0.5528674871063805,3.220772077192951,0.36092361768566555,0.27832000743364915,25.51999942958355,3.287750156159745,99.74028229951172,6.302535605566405
11:27:47.850300,10,-0.5898576825746376,2.519215963723438,-2.508871474647518,0.6958000185841229,17.759999603033066,3.604000171180815,103.17802899345702,-44.11774923896483
11:27:47.850300,11,-0.5006007143642935,3.1020101533753435,0.3470366622793127,0.20888000557897612,41.879999063909054,3.1612501501513175,99.1673245171875,6.302535605566404
11:27:47.850300,12,-0.5106166875342553,3.1640748879584963,0.3539801399824891,0.20888000557897612,45.87999897450209,3.2245001531555317,99.1673245171875,6.302535605566403
11:27:47.850300,13,-0.520632660704217,3.2261396225416488,0.36092361768566555,0.27832000743364915,29.23999934643507,3.2877501561597455,99.1673245171875,6.302535605566403
11:27:47.850300,14,-0.5306486338741787,3.288204357124801,0.367867095388842,0.27832000743364915,9.519999787211418,3.3510001591639598,99.1673245171875,6.302535605566402
11:27:47.850300,15,-0.5646364507306545,2.5249884823653392,-2.508871474647518,0.6958000185841229,20.51999954134226,3.6040001711808145,102.60507121113281,-44.117749238964834
11:27:47.850300,16,-0.46955610069694953,3.1068609777658285,0.3470366622793127,0.20888000557897612,47.11999894678593,3.161250150151318,98.59436673486327,6.302535605566403
11:27:47.850300,17,-0.47945596120903655,3.172364312222937,0.3219128600964245,0.20888000557897612,53.51999880373478,3.2245001531555317,98.59436673486327,5.729577823242186
11:27:47.850300,18,-0.488860702888823,3.234591647545654,0.3282273238585888,0.27832000743364915,32.99999926239252,3.2877501561597455,98.59436673486327,5.7295778232421855
11:27:47.850300,19,-0.49774060685977944,3.2933463460635166,0.367867095388842,0.27832000743364915,10.119999773800373,3.3510001591639593,98.59436673486327,6.302535605566403
11:27:47.850300,20,-0.5140271252749518,2.5357754774531793,-2.508871474647518,0.6958000185841229,22.99999948590994,3.6040001711808145,101.45915564648438,-44.117749238964834
11:27:47.850300,21,-0.43846453181293044,3.1114011186614676,0.3470366622793127,0.20888000557897612,51.51999884843826,3.161250150151318,98.02140895253906,6.302535605566403
11:27:47.850300,22,-0.447708874923376,3.1770001749322323,0.3219128600964245,0.20888000557897612,60.87999863922596,3.224500153155532,98.02140895253906,5.7295778232421855
11:27:47.850300,23,-0.4564908834018699,3.2393184447614964,0.3282273238585888,0.27832000743364915,36.51999918371439,3.2877501561597455,98.02140895253906,5.7295778232421855
11:27:47.850300,24,-0.46527289188036375,3.301636714590761,0.33454178762075315,0.27832000743364915,10.519999764859676,3.3510001591639593,98.02140895253906,5.729577823242186
11:27:47.850300,25,-0.45787800609896895,3.502274816697273,0.24765014294675136,0.41748001115047373,12.639999717473984,3.540750168176601,97.44845117021484,4.010704476269529
11:27:47.850300,26,-0.4886440925533772,2.540788875208646,-2.508871474647518,0.6958000185841229,24.639999449253082,3.6040001711808145,100.88619786416015,-44.117749238964834
11:27:47.850300,27,-0.40732911684307593,3.115630122051975,0.3470366622793127,0.20888000557897612,54.51999878138304,3.161250150151318,97.44845117021484,6.302535605566403
11:27:47.850300,28,-0.3850666788488842,3.1934715884545195,0.22553071691924023,0.20888000557897612,66.11999852210283,3.2245001531555317,96.87549338789063,4.010704476269529
11:27:47.850300,29,-0.424075415209025,3.2437213128467675,0.3282273238585888,0.27832000743364915,38.519999139010906,3.2877501561597455,97.44845117021484,5.7295778232421855
11:27:47.850300,30,-0.432233812292736,3.306124285407807,0.33454178762075315,0.27832000743364915,10.759999759495258,3.3510001591639598,97.44845117021484,5.7295778232421855
11:27:47.850300,31,-0.4593524912104199,2.3884821637116627,-2.659504742676985,0.6958000185841229,25.119999438524246,3.6040001711808145,100.88619786416015,-47.55549593291015
11:27:47.850300,32,-0.3761529693027978,3.119547565040554,0.3470366622793127,0.20888000557897612,55.23999876528978,3.1612501501513175,96.87549338789063,6.302535605566404
11:27:47.850300,33,-0.35311324274806544,3.1971625187378083,0.22553071691924023,0.20888000557897612,67.75999848544598,3.2245001531555317,96.3025356055664,4.01070447626953
11:27:47.850300,34,-0.3600397158768653,3.25987628189804,0.22995460212474245,0.20888000557897612,38.1199991479516,3.2877501561597455,96.3025356055664,4.01070447626953
11:27:47.850300,35,-0.36602929226271436,3.314107182373263,0.33454178762075315,0.27832000743364915,10.519999764859676,3.3510001591639593,96.3025356055664,5.7295778232421855
11:27:47.850300,36,-0.4114941661510742,2.3971909203844395,-2.659504742676985,0.6958000185841229,24.119999460875988,3.6040001711808145,99.74028229951172,-47.55549593291015
11:27:47.850300,37,-0.4194462852037426,2.599130600821982,-2.5529020298005296,0.6958000185841229,25.239999435842037,3.6672501741850287,99.1673245171875,-44.11774923896482
11:27:47.850300,38,-0.32112449561881057,3.200533735447809,0.22553071691924023,0.20888000557897612,64.63999855518341,3.2245001531555317,95.72957782324218,4.010704476269529
11:27:47.850300,39,-0.3274234952615117,3.2633136265214873,0.22995460212474245,0.20888000557897612,34.879999220371246,3.287750156159746,95.72957782324218,4.010704476269529
11:27:47.850300,40,-0.33287047221685745,3.3176017102386655,0.33454178762075315,0.27832000743364915,9.879999779164791,3.3510001591639593,95.72957782324218,5.729577823242186
11:27:47.850300,41,-0.3634712489191414,2.4049408326940447,-2.659504742676985,0.6958000185841229,21.99999950826168,3.6040001711808145,98.59436673486327,-47.55549593291014
11:27:47.850300,42,-0.39343444082415824,2.603195038231642,-2.5529020298005296,0.6958000185841229,24.999999441206455,3.6672501741850287,98.59436673486327,-44.11774923896482
11:27:47.850300,43,-0.39133798043249024,2.7769850050536338,-2.4596697443173285,0.5566400148672983,14.239999681711197,3.7302501771773677,98.02140895253906,-41.252960327343736
11:27:47.850300,44,-0.2851258927789975,2.8417484531360726,0.821259919753812,0.7655200204462744,19.63999956101179,2.9717501411505514,95.72957782324218,16.042817905078117
11:27:47.850300,45,-0.3011393720230418,3.0013491103319505,0.7062743859511376,0.7655200204462744,34.639999225735664,3.098000147147104,95.72957782324218,13.178028993457024
11:27:47.850300,46,-0.2891036363090321,3.2035849014656748,0.22553071691924023,0.06972000186215155,58.11999870091677,3.224500153155532,95.15662004091797,4.010704476269529
11:27:47.850300,47,-0.29477453257094755,3.2664246425162884,0.22995460212474245,0.06972000186215155,29.879999332129955,3.2877501561597455,95.15662004091797,4.010704476269529
11:27:47.850300,48,-0.2996783654026579,3.320764480712534,0.33454178762075315,0.27832000743364915,8.999999798834324,3.3510001591639598,95.15662004091797,5.7295778232421855
11:27:47.850300,49,-0.3235174809659327,3.41615476695003,0.8981650388441165,-0.06972000186215155,19.35999956727028,3.5470378330725216,95.4099037669878,14.667872182217348
11:27:47.850300,50,-0.34129532781852506,1.8608508337066327,-1.1415721404995138,0.6958000185841229,23.639999471604824,2.2096233339784557,100.39300858908469,-31.106906055547686
11:27:47.850300,51,-0.2566946263299598,2.9600927448242285,2.0570763723497403,0.7655200204462744,21.7599995136261,3.6138074645486133,94.95620176730327,34.6963317949042
11:27:47.850300,52,-0.25705386687783405,3.155434797939901,1.3879903733002394,0.06972000186215155,49.99999888241291,3.456785028158536,94.65725055818629,23.673634498477778
11:27:47.850300,53,-0.2620960926740887,3.217330053318936,1.375985532584234,0.06972000186215155,24.35999945551157,3.5090231147237216,94.65725055818629,23.086962606594177
11:27:47.850300,54,-0.2671383184703433,3.279225308697971,1.3639806918682285,0.06972000186215155,7.879999823868275,3.5616182886701653,94.65725055818629,22.517559489130015
11:27:47.850300,55,-0.2876526236286256,3.4191065164234233,0.8973741199564618,-0.06972000186215155,16.639999628067017,3.5465918448134377,94.80902265372012,14.656550485723177
11:27:47.850300,56,-0.3151732730600947,1.8640213599355433,-1.142421680442132,0.6958000185841229,21.519999518990517,2.2088542546513996,99.59694173112761,-31.144688239800907
11:27:47.850300,57,-0.22401109449026732,2.8997425975720255,2.0261715679464434,0.7655200204462744,7.639999829232693,3.544581685528355,94.41744345152517,34.86362107588171
11:27:47.850300,58,-0.22823769063334803,2.9624348075338864,2.0564488185380645,0.7655200204462744,22.99999948590994,3.6134601389223295,94.40559029017268,34.68804237623911
11:27:47.850300,59,-0.23375405596629237,3.0258617100330403,2.027309853435604,0.7655200204462744,30.35999932140112,3.649721261789982,94.41744345152517,33.74307791362448
11:27:47.850300,60,-0.2249783922753081,3.157762854329469,1.3873665724707207,0.06972000186215155,41.999999061226845,3.456424095446468,94.07521675346065,23.664967237291247
11:27:47.850300,61,-0.22939144338754663,3.219703775568836,1.3753494956243175,0.06972000186215155,19.759999558329582,3.508660580880645,94.07521675346065,23.078195817911435
11:27:47.850300,62,-0.23380449449978521,3.2816446968082027,1.3633324187779143,0.06972000186215155,7.639999829232693,3.5612542371794436,94.07521675346065,22.508697354478766
11:27:47.850300,63,-0.2628372276887438,1.8696046986286685,-1.1439177315360247,0.6958000185841229,18.879999577999115,2.207499244374961,98.00244693093538,-31.211334107731524
11:27:47.850300,64,-0.19975793135889064,2.964501884837461,2.055894946843879,0.7655200204462744,23.11999948322773,3.6131535656271017,93.85495148815846,34.680725901822285
11:27:47.850300,65,-0.20458595833581558,3.027978747330279,2.026742595001463,0.7655200204462744,30.119999326765537,3.649410398273301,93.86532554467723,33.73562822425571
11:27:47.850300,66,-0.19288042002204173,3.159780974194756,1.386825818882588,0.06972000186215155,35.11999921500683,3.4561111835747416,93.49313400715273,23.657453079161787
11:27:47.850300,67,-0.19666385514885026,3.22176148175184,1.3747981349143212,0.06972000186215155,16.239999637007713,3.5083462812250614,93.49313400715273,23.070595368140633
11:27:47.850300,68,-0.20044729027565883,3.2837419893089246,1.362770450946054,0.06972000186215155,7.35999983549118,3.560938622119328,93.49313400715273,22.501014239085766
11:27:47.850300,69,-0.17174208574243396,2.9666720197792236,2.025703783227753,0.7655200204462744,22.11999950557947,3.5964029299203015,93.31318267180212,34.28143143157361
11:27:47.850300,70,-0.17539740228090758,3.0298139412904663,2.0262508562618757,0.7655200204462744,28.519999362528324,3.649140898905788,93.31318267180212,33.72917004074042
11:27:47.850300,71,-0.16076315988836853,3.161488955725466,1.3863681666107468,0.06972000186215155,29.519999340176582,3.4558463368823324,92.911009264915,23.651093108251004
11:27:47.850300,72,-0.16391660068940417,3.2235029660990544,1.3743315055898535,0.06972000186215155,13.759999692440033,3.5080802601548107,92.91100926491501,23.06416235620673
11:27:47.850300,73,-0.16707004149043975,3.2855169764726426,1.3622948445689604,0.06972000186215155,6.9999998435378075,3.560671487934926,92.91100926491501,22.494511255771112
11:27:47.850300,74,-0.14314465090141165,2.968192818574976,2.025296286418581,0.7655200204462744,19.999999552965164,3.5961763092349406,92.76101836819511,34.27603549780596
11:27:47.850300,75,-0.14619130663271956,3.031367108395744,2.025834686390306,0.7655200204462744,25.75999942421913,3.6489127998049864,92.76101836819511,33.72370412806643
11:27:47.850300,76,-0.13115295470721852,3.2249280544635037,1.3739496543134564,0.06972000186215155,12.11999972909689,3.507862555258153,92.32884949360569,23.058897712657085
11:27:47.850300,77,-0.08590969933482433,2.9704053874034764,2.024703430387786,0.7655200204462744,17.639999605715275,3.5958465794551726,91.65663967969007,34.268184781336615
11:27:47.850300,78,-0.08773818035877576,3.0336267689979137,2.0252292121567863,0.7655200204462744,22.639999493956566,3.648580919158377,91.65663967969007,33.71575158835899
11:27:47.850300,79,-0.057277906056464545,2.971096936181194,2.0245181304512694,0.7655200204462744,14.999999664723873,3.595743514661939,91.10443242792269,34.265730925389825
11:27:47.850300,80,-0.05849699499667532,3.0343330365306387,2.0250399683417526,0.6958000185841229,19.519999563694,3.6484771821112507,91.10443242792269,33.71326590396057
11:27:47.902940,1,-0.6812217801624066,3.1805968833862464,1.5214172579851144,0.27832000743364915,24.119999460875988,3.59095671392303,102.08899240498351,25.067152919008162
11:27:47.902940,2,-0.6334159221646369,3.1429814113061476,1.6567022350314715,0.27832000743364915,28.519999362528324,3.6089070614004366,101.39438909553246,27.326420451114167
11:27:47.902940,3,-0.6492273827419301,3.1870225128246923,1.5196955157662213,0.27832000743364915,28.879999354481697,3.5899976535359066,101.51416076080349,25.043978456899108
11:27:47.902940,4,-0.6021373839550606,3.1489487251411545,1.6551032981083982,0.27832000743364915,35.23999921232462,3.6080208466877854,100.82533672661042,27.30511368322783
11:27:47.902940,5,-0.6171680631271025,3.193138783994292,1.5180566658456374,0.27832000743364915,34.99999921768904,3.5890845284990123,100.93920855444587,25.02191405583185
11:27:47.902940,6,-0.6313162841222549,3.2314458947310545,1.376783147255496,0.13916000371682458,18.879999577999115,3.568800170328799,101.05443744585796,22.692370837808213
11:27:47.902940,7,-0.5510535592701636,3.1116172740974033,1.9123619592525183,0.6958000185841229,25.239999435842037,3.693636466795535,100.04270207810515,31.181114410385913
11:27:47.902940,8,-0.5707986325115597,3.154613618176502,1.6535853945943682,0.27832000743364915,43.99999901652336,3.6071793434867527,100.25618297953696,27.28488248324739
11:27:47.902940,9,-0.5850470272230263,3.1989450852730528,1.5165008721069815,0.27832000743364915,42.51999904960394,3.588217465226481,100.36414142057441,25.000962751006558
11:27:47.902940,10,-0.5984588920427449,3.237385302109376,1.3751916878449553,0.13916000371682458,21.7599995136261,3.5679081852111474,100.47339088423682,22.670661168718876
11:27:47.902940,11,-0.5207437734036767,3.1167937007395476,1.9109749399140767,0.6958000185841229,30.759999312460423,3.692885358562872,99.48518190769431,31.163014867842968
11:27:47.902940,12,-0.5394028016830232,3.159975523927634,1.6521486762784607,0.27832000743364915,55.75999875366688,3.6063826672739387,99.68693286262848,27.26572953048256
11:27:47.902940,13,-0.5528674871063805,3.2044408360357113,1.5150282901283245,0.13916000371682458,51.759998843073845,3.5873965838532165,99.78896505353252,24.981127428298105
11:27:47.902940,14,-0.5655416545754199,3.243007039780576,1.3736853477758977,0.13916000371682458,24.999999441206455,3.567063702517866,99.89222136441906,22.65010718552784
11:27:47.902940,15,-0.49038191359612915,3.1216771033989716,1.909666436115168,0.6958000185841229,37.51999916136265,3.6921766285339603,98.92759260764394,31.145937627037462
11:27:47.902940,16,-0.5079530310262308,3.1650339062084676,1.6507932868313033,0.27832000743364915,70.99999841302633,3.605630927455729,99.11759143665375,27.247657364410426
11:27:47.902940,17,-0.520632660704217,3.209625486711796,1.51363906716663,0.13916000371682458,62.23999860882759,3.586621998203177,99.21368520442383,24.96241082327667
11:27:47.902940,18,-0.5325678634164488,3.2483105455755994,1.3722642776810674,0.13916000371682458,28.239999368786812,3.5662668404707394,99.31093537260365,22.630711836150596
11:27:47.902940,19,-0.4639099057884532,3.119434438730805,1.7822412031551793,0.27832000743364915,45.2399989888072,3.6224946272496314,98.45880484837677,29.471645600828595
11:27:47.902940,20,-0.47645246549189896,3.1697882591850117,1.6495193617907058,0.13916000371682458,89.75999799370766,3.6049242273399966,98.54816381209487,27.230668383857004
11:27:47.902940,21,-0.48834577147216945,3.2144985188405824,1.5123333421430307,0.13916000371682458,73.23999836295843,3.585893815759267,98.63830767815762,24.944815520276077
11:27:47.902940,22,-0.4995408159173217,3.253295289148308,1.3709286196662838,0.13916000371682458,31.239999301731586,3.5655177107093463,98.72953945340973,22.612477905831682
11:27:47.902940,23,-0.4331921986382494,3.1237671451973283,1.7810802579564333,0.6958000185841229,53.119998812675476,3.62185360605001,97.89520754748206,29.456282150252214
11:27:47.902940,24,-0.4449042551101904,3.174238107425952,1.6483270285481049,0.13916000371682458,109.63999754935503,3.604262664109328,97.97865514637898,27.214764846221467
11:27:47.902940,25,-0.4560100480721113,3.21905944512294,1.5111112456289353,0.13916000371682458,82.63999815285206,3.585212137634839,98.06283833046083,24.92834395151073
11:27:47.902940,26,-0.46646381475511867,3.2579607720285204,1.3696785072962299,0.13916000371682458,33.359999254345894,3.5648164182608055,98.14804020664161,22.595408016140507
11:27:47.902940,27,-0.45787800609896895,3.44703426972669,1.3327562452122528,0.20888000557897612,5.639999873936176,3.723967875034859,97.56644428401778,20.970429264539856
11:27:47.902940,28,-0.4669912369275453,3.478248250767352,1.1799234642192955,0.06972000186215155,11.639999739825726,3.70250065371345,97.64683002619185,18.583287989600056
11:27:47.902940,29,-0.49359521646900256,1.9942313809522116,-1.037783534349423,0.6958000185841229,13.639999695122242,2.3016493439840975,103.90197207094492,-26.800600692487667
11:27:47.902940,30,-0.516138423251855,3.412629003976439,0.5849626175985136,0.06972000186215155,8.759999804198742,3.5006594885429574,98.60044006946568,9.619289648925408
11:27:47.902940,31,-0.4024311726311105,3.127802929715514,1.7799988727539595,0.6958000185841229,59.51999866962433,3.6212564121928135,97.33154386724006,29.441969674981017
11:27:47.902940,32,-0.4133115546757118,3.1783830059501934,1.6472164063358254,0.13916000371682458,125.35999719798565,3.603646328795787,97.40907064108201,27.19994886674401
11:27:47.902940,33,-0.4236287240492915,3.2233078094700627,1.5099728998329707,0.13916000371682458,87.75999803841114,3.5845770585468397,97.4872830648585,24.912998396241914
11:27:47.902940,34,-0.4001731867956616,3.266332121506399,1.3674354109640734,0.13916000371682458,34.23999923467636,3.5635577321790612,96.98475838586594,22.564770020911837
11:27:47.902940,35,-0.36419436681954787,3.0688857958796296,1.7834189603205326,0.5566400148672983,19.35999956727028,3.568092032586269,96.76781838769648,29.98837382579545
11:27:47.902940,36,-0.3716299038438656,3.13154138871029,1.7789971556853723,0.5566400148672983,62.23999860882759,3.6207031270974452,96.76781838769648,29.42871000588397
11:27:47.902940,37,-0.38167752343203853,3.182222540271355,1.6461876062151586,0.5566400148672983,129.6399971023202,3.6030753062572374,96.83941553910618,27.18622241781781
11:27:47.902940,38,-0.3912050375089833,3.227243187049074,1.508918418588763,0.13916000371682458,86.87999805808067,3.583988666790603,96.91164782962441,24.898780979994317
11:27:47.902940,39,-0.36696618900566513,3.2700371509761306,1.3664426513097254,0.13916000371682458,33.639999248087406,3.5630005152898567,96.40298925778639,22.551206331890256
11:27:47.902940,40,-0.30116315860905385,2.985542205969633,1.5449567456932936,-0.06972000186215155,4.999999888241291,3.3750633857444243,95.76016144860942,27.2424243078101
11:27:47.902940,41,-0.3407914723775883,3.1349821483388904,1.7780752069215393,0.5566400148672983,60.11999865621328,3.6201938262360875,96.204035724543,29.416504840500238
11:27:47.902940,42,-0.3500053247557917,3.1857563264392215,1.6452407310652544,0.5566400148672983,120.35999730974436,3.6025496751552315,96.26969512183285,27.173587328345707
11:27:47.902940,43,-0.3262435501538441,3.2341734391026886,1.5070614631476527,0.13916000371682458,80.51999820023775,3.5829522662071622,95.76016144860944,24.873738293634005
11:27:47.902940,44,-0.3387961496807124,3.3586120186925275,1.4880950803898938,0.13916000371682458,6.9999998435378075,3.6891034807151963,95.76016144860942,23.789386599145406
11:27:47.902940,45,-0.3099189620495885,3.138124864528235,1.7772331186565642,0.5566400148672983,54.119998790323734,3.6197285791144598,95.64020052645444,29.40535574251493
11:27:47.902940,46,-0.31829812584030415,3.188984011078138,1.6443758755728344,0.5566400148672983,102.63999770581722,3.6020695079344853,95.6999147062524,27.162045283142234
11:27:47.902940,47,-0.2937122454333239,3.237167620557893,1.5062591746447385,0.13916000371682458,70.87999841570854,3.5825044016591776,95.18432239529466,24.862916499551922
11:27:47.902940,48,-0.27901546008503414,3.140969223009338,1.776470975098568,0.5566400148672983,46.23999896645546,3.61930744925407,95.07631747240703,29.39526414127516
11:27:47.902940,49,-0.2547914132478433,3.1945198153482517,1.6428925612892007,0.5566400148672983,83.23999813944101,3.6012458237194602,94.56019530880762,27.142246341091525
11:27:47.902940,50,-0.2611515697343327,3.239847429275489,1.5055411220629886,0.13916000371682458,60.51999864727259,3.582103512962793,94.6084275510026,24.8532297953471
11:27:47.902940,51,-0.24808405680823073,3.1435149393487327,1.7757888524612686,0.5566400148672983,38.359999142587185,3.6189304941759803,94.5123912689794,29.386231331346643
11:27:47.902940,52,-0.22299825018892333,3.1968273814036605,1.6422742508281725,0.5566400148672983,66.35999851673841,3.600902420368086,93.99026711284884,27.133992088694914
11:27:47.902940,53,-0.22856477909716102,3.242212597276851,1.50490737720706,0.13916000371682458,50.75999886542559,3.5817496559861173,94.03248304109614,24.844679527910948
11:27:47.902940,54,-0.18614992125632868,3.147709457213817,1.7746649347866814,0.5566400148672983,31.63999929279089,3.6183093083619116,93.38442836200673,29.37134658740726
11:27:47.902940,55,-0.19118278749181258,3.1988277388338964,1.641738256670167,0.5566400148672983,52.879998818039894,3.600604708153995,93.42030048451954,27.126836168597446
11:27:47.902940,56,-0.19595513217357144,3.2442628880471593,1.5043580034509068,-0.06972000186215155,42.51999904960394,3.5814428800599423,93.45649501686891,24.83726688678702
11:27:47.902940,57,-0.15622252081094823,3.1377410524704503,1.6483209937104157,0.5566400148672983,25.999999418854713,3.547786138801688,92.85030087511534,27.684694420347164
11:27:47.902940,58,-0.15934820667612576,3.2005206876048935,1.6412846324141512,-0.06972000186215155,42.51999904960394,3.600352728186039,92.85030087511534,27.12077953782363
11:27:47.952509,1,-0.485798292268876,3.231965064082965,1.6426445283694817,0.13916000371682458,31.5199992954731,3.6578517196308487,98.54816381209487,26.68426065288338
11:27:47.952509,2,-0.45363124972508245,3.2365021980740187,1.641428806980627,0.13916000371682458,36.11999919265509,3.65718694042989,97.97865514637898,26.668179746023057
11:27:47.952509,3,-0.4950323077405619,1.4134559533251594,-1.278094342171082,0.06972000186215155,6.5199998542666435,1.9688676606585351,109.30169966731367,-40.4776953466962
11:27:47.952509,4,-0.3970969751543977,3.0536922166021707,1.6610564201669675,0.5566400148672983,11.879999734461308,3.4988327471302987,97.40907064108201,28.342805380651374
11:27:47.952509,5,-0.4133115546757118,3.1783830059501934,1.6472164063358254,0.20888000557897612,44.519999004900455,3.603646328795787,97.40907064108201,27.19994886674401
11:27:47.952509,6,-0.4214188444363689,3.2407284006242048,1.6402963994202544,0.13916000371682458,40.639999091625214,3.6565676100695104,97.40907064108201,26.653198504747092
11:27:47.952509,7,-0.45857080818627827,1.4475573528861654,-1.338115391061954,0.13916000371682458,8.51999980956316,2.0239224974816366,107.57764914349866,-41.38760087581127
11:27:47.952509,8,-0.4664486351453717,1.4724250639044574,-1.3954611595906612,0.13916000371682458,6.8799998462200165,2.0815671370314095,107.57764914349866,-42.09714883052876
11:27:47.952509,9,-0.38167752343203853,3.182222540271355,1.6461876062151586,0.20888000557897612,48.35999891906977,3.6030753062572374,96.83941553910618,27.18622241781781
11:27:47.952509,10,-0.38916429761627686,3.244643249116808,1.639247418928171,0.06972000186215155,44.23999901115894,3.655993813594481,96.83941553910618,26.639318928111596
11:27:47.952509,11,-0.3431398148191182,3.123266300808184,1.652199491728961,0.20888000557897612,31.63999929279089,3.549971898303925,96.26969512183285,27.736888702634694
11:27:47.952509,12,-0.3568708346924652,3.2482463520702596,1.6382819704015474,0.06972000186215155,46.23999896645546,3.6554656298390524,96.26969512183285,26.626542869747425
11:27:47.952509,13,-0.3637363446291388,3.3107363777012973,1.6313232097378405,0.13916000371682458,19.63999956101179,3.7087052869793045,96.26969512183285,26.09515711797902
11:27:47.952509,14,-0.31829812584030415,3.188984011078138,1.6443758755728344,0.20888000557897612,51.35999885201454,3.6020695079344853,95.6999147062524,27.162045283142234
11:27:47.952509,15,-0.3245416849841712,3.251537349177283,1.6374001503844275,0.06972000186215155,45.99999897181988,3.654983131406511,95.6999147062524,26.61487203725303
11:27:47.952509,16,-0.2547914132478433,3.1945198153482517,1.6428925612892007,0.20888000557897612,49.63999889045954,3.6012458237194602,94.56019530880762,27.142246341091525
11:27:47.952509,17,-0.2601688971599383,3.25333573386803,1.6032383120607778,0.06972000186215155,43.5199990272522,3.636241787556425,94.57220698760648,26.16165773979032
11:27:47.952509,18,-0.26978495353743187,3.3825055914258852,1.6218780981180503,0.41748001115047373,5.119999885559082,3.7609329377612672,94.56019530880762,25.54650531569785
11:27:47.952509,19,-0.22332412362921697,3.193058736463757,1.61025203143856,0.20888000557897612,46.11999896913767,3.5830726148732026,94.00078043432423,26.705538740072626
11:27:47.952509,20,-0.22770472552704546,3.255692002111557,1.6026069518877737,0.06972000186215155,39.519999116659164,3.635894511241976,94.00078043432423,26.153261496059464
11:27:47.952509,21,-0.19218533151659375,3.1818494966186806,1.5138932042057482,0.06972000186215155,41.63999906927347,3.528877166256009,93.45649501686891,25.404202430863
11:27:47.952509,22,-0.1952177836123712,3.257734577957879,1.6020596453392724,-0.06972000186215155,34.879999220371246,3.635593441336025,93.42931420875493,26.145982451543926
11:27:47.952509,23,-0.1633258899009359,3.2459980965590556,1.5038930557314445,0.06972000186215155,30.119999326765537,3.581183227964496,92.88046965234024,24.830992903755966
11:27:48.009991,1,-0.5903261916662846,3.087180696961536,1.6618686001380598,0.20888000557897612,32.51999927312136,3.5554151533096623,100.82533672661042,27.86688833461346
11:27:48.009991,2,-0.6021373839550606,3.1489487251411545,1.6551032981083982,0.20888000557897612,40.51999909430742,3.6080208466877854,100.82533672661042,27.30511368322783
11:27:48.009991,3,-0.5557724201494723,3.1046592685081826,1.7862001980843634,0.4872000130126253,38.87999913096428,3.6246797519462577,100.14915326455129,29.524021507871563
11:27:48.009991,4,-0.5707986325115597,3.154613618176502,1.6535853945943682,0.20888000557897612,47.23999894410372,3.6071793434867527,100.25618297953696,27.28488248324739
11:27:48.009991,5,-0.510324779756296,3.054433178296914,1.912756145149485,0.4872000130126253,22.99999948590994,3.6398666860643973,99.48518190769431,31.702023849366363
11:27:48.009991,6,-0.5252030811771584,3.1098800226694316,1.7848013012229753,0.4872000130126253,46.11999896913767,3.623907796388262,99.58578218600546,29.50551744119554
11:27:48.009991,7,-0.5394028016830232,3.159975523927634,1.6521486762784607,0.20888000557897612,54.239998787641525,3.6063826672739387,99.68693286262848,27.26572953048256
11:27:48.009991,8,-0.4805703972545063,3.059218874283911,1.9114738217745484,0.4872000130126253,26.99999939650297,3.6391620187649893,98.92759260764394,31.685148133835916
11:27:48.009991,9,-0.49458122233674245,3.114805243582961,1.7834815922566503,0.4872000130126253,53.35999880731106,3.6231793884457795,99.0223312281671,29.48805806307541
11:27:48.009991,10,-0.5044767580624202,3.177125981157219,1.7791495118170246,0.4872000130126253,60.63999864459038,3.6761391819364166,99.0223312281671,28.94516180959377
11:27:48.009991,11,-0.5179167553904451,3.2271174523606416,1.6439434420156978,0.20888000557897612,35.51999920606613,3.658561856439115,99.11759143665375,26.701439081499895
11:27:48.009991,12,-0.4507679581156133,3.063716930519563,1.9102685712386955,0.4872000130126253,30.879999309778214,3.638499580414743,98.36993802001372,31.669284764861708
11:27:48.009991,13,-0.4639099057884532,3.119434438730805,1.7822412031551793,0.4872000130126253,59.35999867320061,3.6224946272496314,98.45880484837677,29.471645600828595
11:27:48.009991,14,-0.4731917726262926,3.181847796816918,1.7778843051241995,0.4872000130126253,65.23999854177237,3.6754507829920464,98.45880484837677,28.92855972243415
11:27:48.009991,15,-0.485798292268876,3.231965064082965,1.6426445283694817,0.20888000557897612,38.75999913364649,3.6578517196308487,98.54816381209487,26.68426065288338
11:27:48.009991,16,-0.4209204425585627,3.0679268972020153,1.9091405140659705,0.4872000130126253,33.7599992454052,3.6378794603432585,97.81222202731627,31.65443568864535
11:27:48.009991,17,-0.4331921986382494,3.1237671451973283,1.7810802579564333,0.4872000130126253,62.35999860614538,3.62185360605001,97.89520754748206,29.456282150252214
11:27:48.009991,18,-0.4418594684093429,3.186267191676959,1.7767001318404174,0.4872000130126253,66.87999850511551,3.6748063574917413,97.89520754748206,28.913018739094937
11:27:48.009991,19,-0.38705673808025676,3.073560269193799,2.031925927762445,0.6263600167294499,34.759999223053455,3.704768362903848,97.17753606938541,33.26158693651008
11:27:48.009991,20,-0.3990142763471378,3.1345644309199976,1.9062132871133137,0.4872000130126253,61.23999863117933,3.690305632367729,97.25444855009609,31.1008600930282
11:27:48.009991,21,-0.4104829786157424,3.190383723801558,1.7755971103820143,0.4872000130126253,65.11999854445457,3.674205993031434,97.33154386724006,28.898540851421256
11:27:48.009991,22,-0.4214188444363689,3.2407284006242048,1.6402963994202544,0.06972000186215155,41.35999907553196,3.6565676100695104,97.40907064108201,26.653198504747092
11:27:48.009991,23,-0.35016356334827853,3.014579783809876,2.030332836456169,0.6263600167294499,8.359999813139439,3.6513774415751814,96.62559535085997,33.78277233604852
11:27:48.009991,24,-0.35743219744743554,3.077155904528171,2.030962480178323,0.6263600167294499,33.519999250769615,3.704248214204439,96.62559535085995,33.24904311616815
11:27:48.009991,25,-0.3684745298971729,3.1382711480232017,1.9052200752589397,0.6263600167294499,56.519998736679554,3.6897673114801544,96.696621544488,31.087891814019816
11:27:48.009991,26,-0.3790654408681834,3.194196981540951,1.7745753510502122,0.4872000130126253,60.359998650848866,3.6736497712630274,96.76781838769648,28.88512791659253
11:27:48.009991,27,-0.3277719138943266,3.0804652137689463,2.0300757534397524,0.6263600167294499,30.51999931782484,3.703769421208951,96.07361228932479,33.237497312332465
11:27:48.009991,28,-0.33789793630292647,3.1416826934169504,1.9043059544257426,0.6263600167294499,49.63999889045954,3.6892717885152755,96.13874499975636,31.07595508915388
11:27:48.009991,29,-0.34760999689411887,3.1977065835725593,1.7736349560200881,0.4872000130126253,53.99999879300594,3.6731377678737287,96.204035724543,28.8727816565487
11:27:48.009991,30,-0.36426788249494585,3.3068030723422024,1.5980492352940472,0.13916000371682458,13.879999689757824,3.690717952904701,96.28619267623506,25.657554002601955
11:27:48.009991,31,-0.3719382043169761,3.5324108949209885,0.8604818448375886,0.20888000557897612,5.239999882876873,3.654681075508797,96.01069806712273,13.617943502696898
11:27:48.009991,32,-0.29807885342443585,3.083487865987975,2.0292658362186633,0.6263600167294499,26.519999407231808,3.7033320478453096,95.521590312376,33.22695089434381
11:27:48.009991,33,-0.307287553198141,3.1447987259495624,1.90347101602504,0.6263600167294499,42.23999905586243,3.688819130281653,95.58082293581647,31.065051392115276
11:27:48.009991,34,-0.316119792211593,3.2009121789391206,1.772776019330357,0.4872000130126253,47.11999894678593,3.6726700525668616,95.64020052645444,28.861503657457025
11:27:48.009991,35,-0.2683559853189333,3.0862235589225664,2.0285328095061,0.6263600167294499,22.519999496638775,3.7029361525346176,94.96953287385892,33.21740511374511
11:27:48.009991,36,-0.27664644159548146,3.1476189340203953,1.9027153435499728,0.6263600167294499,35.35999920964241,3.6884093978341967,95.02285940073932,31.055182069899747
11:27:48.009991,37,-0.2845979758146912,3.2038134470837827,1.7719986268739687,-0.06972000186215155,40.51999909430742,3.6722466890441767,95.07631747240703,28.851295369219823
11:27:48.009991,38,-0.23860628183972776,3.08867201900572,2.0278767466041194,0.6263600167294499,18.879999577999115,3.7025817881769956,94.41744345152517,33.2088611039353
11:27:48.009991,39,-0.24597766558043702,3.1501430356110034,1.9020390125671551,0.6263600167294499,29.519999340176582,3.6880426464590057,94.46485846824099,31.046348342418565
11:27:48.009991,40,-0.23735907445288784,3.366960492814992,1.4858581134907474,0.13916000371682458,6.7599998489022255,3.687890538482452,94.03248304109613,23.759716201334623
11:27:48.009991,41,-0.17275211987848973,3.4333384170889265,1.4752606193615994,0.3480400092958007,5.119999885559082,3.740862183537423,92.88046965234024,23.22630169525155
11:27:48.063643,1,-0.6334159221646369,3.1247389164420567,0.4818632703588137,0.13916000371682458,29.759999334812164,3.2245001531555317,101.45915564648438,8.594366734863279
11:27:48.063643,2,-0.6021373839550606,3.1309167343164708,0.4818632703588137,0.13916000371682458,35.23999921232462,3.2245001531555317,100.88619786416015,8.594366734863277
11:27:48.063643,3,-0.5707986325115597,3.136781463140537,0.4818632703588137,0.13916000371682458,41.75999906659126,3.2245001531555317,100.31324008183593,8.594366734863279
11:27:48.063643,4,-0.5819951012683766,3.198310825070647,0.491315232477032,0.13916000371682458,38.1199991479516,3.2877501561597455,100.31324008183593,8.594366734863277
11:27:48.063643,5,-0.5394028016830232,3.1423325164462876,0.4818632703588137,0.13916000371682458,48.63999891281128,3.224500153155531,99.74028229951172,8.594366734863279
11:27:48.063643,6,-0.5499834272703861,3.2039707647530724,0.491315232477032,0.13916000371682458,45.639998979866505,3.287750156159745,99.74028229951172,8.594366734863279
11:27:48.063643,7,-0.5605640528577488,3.2656090130598576,0.5007671945952503,0.13916000371682458,21.119999527931213,3.3510001591639593,99.74028229951172,8.594366734863277
11:27:48.063643,8,-0.49038191359612915,3.038688582253697,0.7206939646830322,0.27832000743364915,31.75999929010868,3.161250150151318,99.1673245171875,13.178028993457024
11:27:48.063643,9,-0.5079530310262308,3.1475693391330433,0.4818632703588137,0.13916000371682458,55.23999876528978,3.2245001531555317,99.1673245171875,8.594366734863277
11:27:48.063643,10,-0.5179167553904451,3.209310310043313,0.491315232477032,0.13916000371682458,53.99999879300594,3.287750156159746,99.1673245171875,8.594366734863277
11:27:48.063643,11,-0.5278804797546593,3.271051280953583,0.5007671945952503,0.13916000371682458,25.63999942690134,3.3510001591639593,99.1673245171875,8.594366734863277
11:27:48.063643,12,-0.47645246549189896,3.152491407522921,0.4818632703588137,0.13916000371682458,60.63999864459038,3.2245001531555317,98.59436673486327,8.594366734863277
11:27:48.063643,13,-0.485798292268876,3.2143289269913113,0.491315232477032,0.13916000371682458,62.639998599886894,3.2877501561597455,98.59436673486327,8.594366734863277
11:27:48.063643,14,-0.4951441190458531,3.276166446459702,0.5007671945952503,0.13916000371682458,30.999999307096004,3.3510001591639598,98.59436673486327,8.594366734863275
11:27:48.063643,15,-0.41546866846105684,2.9482194933159267,0.85614982128285,0.5566400148672983,12.519999720156193,3.098000147147104,98.02140895253906,16.04281790507812
11:27:48.063643,16,-0.4295141217037626,3.04788784904534,0.7206939646830322,0.27832000743364915,34.759999223053455,3.1612501501513184,98.02140895253906,13.178028993457023
11:27:48.063643,17,-0.4449042551101904,3.1570982294132066,0.4818632703588137,0.13916000371682458,63.51999858021736,3.2245001531555317,98.02140895253906,8.594366734863277
11:27:48.063643,18,-0.45363124972508245,3.219026113739578,0.491315232477032,0.13916000371682458,69.99999843537807,3.2877501561597455,98.02140895253906,8.594366734863277
11:27:48.063643,19,-0.4630339010843819,3.2857485458522624,0.46760898899957043,0.13916000371682458,36.87999917566776,3.351000159163959,98.02140895253906,8.021408952539062
11:27:48.063643,20,-0.4133115546757118,3.1613893441255705,0.4818632703588137,0.27832000743364915,63.23999858647585,3.224500153155532,97.44845117021484,8.594366734863277
11:27:48.063643,21,-0.4214188444363689,3.223401400573374,0.491315232477032,0.13916000371682458,74.23999834060669,3.2877501561597455,97.44845117021484,8.594366734863277
11:27:48.063643,22,-0.4317785276523993,3.3026418470529593,0.367867095388842,0.13916000371682458,42.35999905318022,3.3510001591639593,97.44845117021484,6.302535605566403
11:27:48.063643,23,-0.3897329940450436,3.232170717255422,0.4587828867750933,0.20888000557897612,74.23999834060669,3.2877501561597455,96.87549338789063,8.02140895253906
11:27:48.063643,24,-0.39873107161207605,3.3067944295613754,0.367867095388842,0.13916000371682458,46.23999896645546,3.351000159163959,96.87549338789063,6.302535605566404
11:27:48.063643,25,-0.40472842366916284,3.356532239796008,0.4764350912240476,0.13916000371682458,9.759999781847,3.4142501621681736,96.87549338789063,8.02140895253906
11:27:48.063643,26,-0.3262435501538441,3.2515535329297807,0.36092361768566555,0.13916000371682458,70.11999843269587,3.2877501561597455,95.72957782324218,6.302535605566403
11:27:48.063643,27,-0.3325198499172783,3.314107182373263,0.367867095388842,0.13916000371682458,47.23999894410372,3.3510001591639593,95.72957782324218,6.302535605566403
11:27:48.063643,28,-0.2937122454333239,3.254653337670179,0.36092361768566555,0.20888000557897612,63.11999858915806,3.2877501561597455,95.15662004091797,6.302535605566403
11:27:48.063643,29,-0.29936270532950143,3.31726662140758,0.367867095388842,0.20888000557897612,44.99999899417162,3.3510001591639593,95.15662004091797,6.302535605566403
11:27:48.063643,30,-0.305013165225679,3.37987990514498,0.37481057309201843,0.20888000557897612,11.639999739825726,3.4142501621681727,95.15662004091797,6.302535605566404
11:27:48.063643,31,-0.2611515697343327,3.2574276798035617,0.36092361768566555,0.20888000557897612,55.11999876797199,3.2877501561597455,94.58366225859375,6.302535605566403
11:27:48.063643,32,-0.26617562472199796,3.320094336558965,0.367867095388842,0.20888000557897612,40.639999091625214,3.3510001591639593,94.58366225859375,6.302535605566403
11:27:48.063643,33,-0.2762237346973285,3.44542765006977,0.3817540507951949,0.20888000557897612,5.879999868571758,3.477500165172387,94.58366225859375,6.302535605566404
11:27:48.063643,34,-0.22856477909716102,3.25987628189804,0.36092361768566555,0.20888000557897612,47.23999894410372,3.2877501561597455,94.01070447626952,6.302535605566403
11:27:48.063643,35,-0.23296192677502445,3.3225900450582713,0.367867095388842,0.20888000557897612,35.11999921500683,3.3510001591639593,94.01070447626952,6.302535605566403
11:27:48.063643,36,-0.19972493283054915,3.324753497336741,0.367867095388842,0.20888000557897612,29.879999332129955,3.3510001591639593,93.43774669394531,6.302535605566403
11:27:48.125745,1,-0.6994284560849536,3.1128035144228248,1.5323940193757415,0.13916000371682458,43.63999902456999,3.5393470181946007,102.6636979148846,25.655526466865947
11:27:48.125745,2,-0.655010980925681,3.0582197240072304,1.5398312848621225,0.13916000371682458,28.11999937146902,3.4860905971130784,102.08899240498351,26.212857456767846
11:27:48.125745,3,-0.6681163805440439,3.1194083036967384,1.5306242714236185,0.13916000371682458,53.63999880105257,3.53834683480782,102.08899240498351,25.631516507279795
11:27:48.125745,4,-0.6812217801624066,3.1805968833862464,1.5214172579851144,0.13916000371682458,45.11999899148941,3.59095671392303,102.08899240498351,25.067152919008162
11:27:48.125745,5,-0.6209911874532358,3.081330434638412,1.6634361732030514,0.13916000371682458,35.11999921500683,3.556296838657304,101.39438909553246,27.88794795644774
11:27:48.125745,6,-0.636737493924828,3.12571031635715,1.5289356522205704,0.13916000371682458,66.75999850779772,3.5373922381582634,101.51416076080349,25.608601103954587
11:27:48.125745,7,-0.6492273827419301,3.1870225128246923,1.5196955157662213,0.13916000371682458,55.11999876797199,3.5899976535359066,101.51416076080349,25.043978456899108
11:27:48.125745,8,-0.5903261916662846,3.087180696961536,1.6618686001380598,0.13916000371682458,44.519999004900455,3.5554151533096623,100.82533672661042,27.86688833461346
11:27:48.125745,9,-0.605294934089679,3.131708922208074,1.5273283306271028,0.13916000371682458,83.8799981251359,3.5364833606576545,100.93920855444587,25.586783397812024
11:27:48.125745,10,-0.6171680631271025,3.193138783994292,1.5180566658456374,0.13916000371682458,68.23999847471714,3.5890845284990123,100.93920855444587,25.02191405583185
11:27:48.125745,11,-0.5345397540940766,3.0513007857756107,2.0378903383682823,0.4872000130126253,19.519999563694,3.707986821065658,99.93648668069717,33.33922016325693
11:27:48.125745,12,-0.5596021637547428,3.092734470603339,1.6603804709757934,0.13916000371682458,56.87999872863293,3.554577949030645,100.25618297953696,27.84689185048071
11:27:48.125745,13,-0.5737918452682377,3.13740352139395,1.5258024673740285,0.13916000371682458,106.11999762803316,3.535620328484969,100.36414142057441,25.56606638344791
11:27:48.125745,14,-0.5850470272230263,3.1989450852730528,1.5165008721069815,0.13916000371682458,85.11999809741974,3.588217465226481,100.36414142057441,25.000962751006558
11:27:48.125745,15,-0.596302209177815,3.260486649152156,1.5071992768399345,0.13916000371682458,25.359999433159828,3.6411535499174734,100.36414142057441,24.452238284273232
11:27:48.125745,16,-0.5051382826560293,3.056322086841232,2.0365448848027956,0.4872000130126253,22.99999948590994,3.70726104434725,99.38480801022487,33.321710895228044
11:27:48.125745,17,-0.5252030811771584,3.1098800226694316,1.7848013012229753,0.13916000371682458,72.63999837636948,3.623907796388262,99.58578218600546,29.50551744119554
11:27:48.125745,18,-0.5394028016830232,3.159975523927634,1.6521486762784607,0.13916000371682458,132.87999702990055,3.6063826672739387,99.68693286262848,27.26572953048256
11:27:48.125745,19,-0.5528674871063805,3.2044408360357113,1.5150282901283245,0.13916000371682458,105.87999763339758,3.5873965838532165,99.78896505353252,24.981127428298105
11:27:48.125745,20,-0.5635035964697684,3.2660881276117912,1.505698365210255,0.13916000371682458,32.239999279379845,3.640329041111242,99.78896505353252,24.43219010018148
11:27:48.125745,21,-0.5711446784451115,3.3459284951372075,1.631678901530077,0.06972000186215155,6.9999998435378075,3.7661412315506313,99.68693286262848,25.673960669824396
11:27:48.125745,22,-0.4756862978129217,3.061059145177573,2.0352755938470737,0.4872000130126253,26.75999940186739,3.7065762216784073,98.83307033349715,33.30519104434835
11:27:48.125745,23,-0.49458122233674245,3.114805243582961,1.7834815922566503,0.13916000371682458,90.75999797135592,3.6231793884457795,99.0223312281671,29.48805806307541
11:27:48.125745,24,-0.5079530310262308,3.1650339062084676,1.6507932868313033,0.13916000371682458,161.23999639600515,3.605630927455729,99.11759143665375,27.247657364410426
11:27:48.125745,25,-0.520632660704217,3.209625486711796,1.51363906716663,0.13916000371682458,129.35999710857868,3.586621998203177,99.21368520442383,24.96241082327667
11:27:48.125745,26,-0.5306486338741787,3.271372521016266,1.5042824162650374,0.13916000371682458,41.51999907195568,3.639551034369079,99.21368520442383,24.41327261104595
11:27:48.125745,27,-0.5378442041188737,3.3512845446649897,1.6302437523844868,0.06972000186215155,8.51999980956316,3.7653790220113756,99.11759143665375,25.655307406601647
11:27:48.125745,28,-0.4461867447385631,3.065511487082766,2.03408259242915,0.4872000130126253,29.999999329447746,3.705932444262858,98.28127691223138,33.28966256265743
11:27:48.125745,29,-0.4599710160080641,3.1262669937394993,1.9084365787050763,0.4872000130126253,106.75999761372805,3.6915103720092723,98.36993802001372,31.12988478791278
11:27:48.125745,30,-0.47645246549189896,3.1697882591850117,1.6495193617907058,0.13916000371682458,183.11999590694904,3.6049242273399966,98.54816381209487,27.230668383857004
11:27:48.125745,31,-0.485798292268876,3.231965064082965,1.6426445283694817,0.13916000371682458,150.7599966302514,3.6578517196308487,98.54816381209487,26.68426065288338
11:27:48.125745,32,-0.49774060685977944,3.276339300930664,1.5029515715979915,0.13916000371682458,53.119998812675476,3.6388196373424235,98.63830767815763,24.395488433862564
11:27:48.125745,33,-0.5052271707745936,3.3522864198004996,1.594999462472398,0.06972000186215155,10.359999768435955,3.746612072226719,98.57061456370734,25.196106501930366
11:27:48.125745,34,-0.4166425733635464,3.0696786673263525,2.032965999848166,0.4872000130126253,31.87999928742647,3.705329797887921,97.72943104588379,33.27512728659716
11:27:48.125745,35,-0.4295141217037626,3.130562912775943,1.9072854906685117,0.4872000130126253,113.87999745458364,3.690886678632355,97.81222202731627,31.114858326236632
11:27:48.125745,36,-0.4418594684093429,3.186267191676959,1.7767001318404174,0.13916000371682458,188.75999578088522,3.6748063574917413,97.89520754748206,28.913018739094937
11:27:48.125745,37,-0.45363124972508245,3.2365021980740187,1.641428806980627,0.13916000371682458,162.63999636471272,3.65718694042989,97.97865514637898,26.668179746023057
11:27:48.125745,38,-0.4647828062017018,3.280987970681156,1.5017059642924682,0.06972000186215155,65.99999852478504,3.6381349513022125,98.06283833046083,24.37884003158962
11:27:48.125745,39,-0.47177364869512123,3.3570050106358424,1.5937351198686551,0.06972000186215155,12.639999717473984,3.745937085608889,97.99962111538174,25.179592861272468
11:27:48.125745,40,-0.38705673808025676,3.073560269193799,2.031925927762445,0.4872000130126253,31.87999928742647,3.704768362903848,97.17753606938541,33.26158693651008
11:27:48.125745,41,-0.39495904236804763,3.136311297930567,2.0325777401998155,0.4872000130126253,107.8799975886941,3.7581662380250016,97.17753606938541,32.74104101889067
11:27:48.125745,42,-0.40699771738437196,3.197280508501869,1.904336811165482,0.4872000130126253,175.11999608576298,3.7436277168492564,97.25444855009609,30.576447584407976
11:27:48.125745,43,-0.4214188444363689,3.2407284006242048,1.6402963994202544,0.06972000186215155,159.11999644339085,3.6565676100695104,97.40907064108201,26.653198504747092
11:27:48.125745,44,-0.4317785276523993,3.2853180654046623,1.5005457189081546,0.06972000186215155,75.75999830663204,3.6374970711121537,97.4872830648585,24.363329712302804
11:27:48.125745,45,-0.4382729496460316,3.3614002347268506,1.5925574231229156,0.06972000186215155,15.119999662041664,3.745308246640997,97.4285493680826,25.16420835216148
11:27:48.125745,46,-0.35743219744743554,3.077155904528171,2.030962480178323,0.4872000130126253,29.999999329447746,3.704248214204439,96.62559535085995,33.24904311616815
11:27:48.125745,47,-0.36472967533270034,3.1399803431858224,2.0315946224866765,0.4872000130126253,92.35999793559313,3.757643011487179,96.62559535085997,32.72834996326236
11:27:48.125745,48,-0.3758469344890262,3.2010613892608353,1.9033237272194388,0.4872000130126253,149.51999665796757,3.7430864465809233,96.696621544488,30.563331867628982
11:27:48.125745,49,-0.38916429761627686,3.244643249116808,1.639247418928171,0.06972000186215155,141.99999682605267,3.655993813594481,96.83941553910618,26.639318928111596
11:27:48.125745,50,-0.39873107161207605,3.2893291520953376,1.4994709514686169,0.06972000186215155,76.87999828159809,3.636906085203651,96.91164782962441,24.348959628401005
11:27:48.125745,51,-0.40472842366916284,3.3654716525547963,1.5914664900038678,0.06972000186215155,17.359999611973763,3.7447256414697283,96.85740473691733,25.14995505419287
11:27:48.125745,52,-0.3277719138943266,3.0804652137689463,2.0300757534397524,0.4872000130126253,26.75999940186739,3.703769421208951,96.07361228932479,33.237497312332465
11:27:48.125745,53,-0.33446383563539056,3.1433572166000907,2.030689791982381,0.4872000130126253,74.5199983343482,3.7571613859084163,96.07361228932479,32.71666862043808
11:27:48.125745,54,-0.34115575737645454,3.206249219431235,2.03130383052501,0.4872000130126253,121.35999728739262,3.810855095618316,96.07361228932479,32.210475689398095
11:27:48.125745,55,-0.3568708346924652,3.2482463520702596,1.6382819704015474,0.06972000186215155,118.75999734550714,3.6554656298390524,96.26969512183285,26.626542869747425
11:27:48.125745,56,-0.3325198499172783,3.296392728897608,1.4975782717687731,0.06972000186215155,68.75999846309423,3.6358651176565906,95.76016144860944,24.323647993560208
11:27:48.125745,57,-0.37114342518900895,3.369218856981308,1.5904624296039096,0.13916000371682458,18.519999586045742,3.744189349950271,96.28619267623506,25.136834895720977
11:27:48.125745,58,-0.29807885342443585,3.083487865987975,2.0292658362186633,0.4872000130126253,22.99999948590994,3.7033320478453096,95.521590312376,33.22695089434381
11:27:48.125745,59,-0.3041645498347314,3.146441580488859,2.029863339169222,0.4872000130126253,58.63999868929386,3.7567214254597876,95.521590312376,32.705998380333625
11:27:48.125745,60,-0.3102502462450269,3.209395294989743,2.0304608421197807,0.4872000130126253,96.63999783992767,3.8104126556291997,95.521590312376,32.19968611396893
11:27:48.125745,61,-0.3223206223735974,3.2636994933500056,1.7683189200041498,0.4872000130126253,95.879997856915,3.725933006556214,95.64020052645444,28.333154041303978
11:27:48.125745,62,-0.29936270532950143,3.2994445126574408,1.4967605487748517,0.06972000186215155,55.99999874830246,3.6354152805169715,95.18432239529466,24.31270996261291
11:27:48.125745,63,-0.3375213126772805,3.3726414732890837,1.5895453423282395,0.13916000371682458,18.11999959498644,3.7436994456257247,95.7149186767007,25.12484965321752
11:27:48.125745,64,-0.2683559853189333,3.0862235589225664,2.0285328095061,0.4872000130126253,19.519999563694,3.7029361525346176,94.96953287385892,33.21740511374511
11:27:48.125745,65,-0.273834847833918,3.149233126418322,2.0291153466917877,0.4872000130126253,46.11999896913767,3.7563231887843305,94.96953287385894,32.69634051330216
11:27:48.125745,66,-0.2793137103489026,3.2122426939140785,2.0296978838774757,0.4872000130126253,76.87999828159809,3.810012174942483,94.96953287385892,32.18992022270342
11:27:48.125745,67,-0.29018049154434833,3.266657671158228,1.7675262786493688,0.4872000130126253,76.63999828696251,3.7255075095785144,95.07631747240703,28.32283352568989
11:27:48.125745,68,-0.26617562472199796,3.302175875751552,1.4960286822395483,0.06972000186215155,43.75999902188778,3.6350126266183826,94.6084275510026,24.302919205812387
11:27:48.125745,69,-0.2701791976665864,3.378511605006135,1.5879724452751915,0.13916000371682458,16.239999637007713,3.742859061060964,94.57220698760648,25.104290259086035
11:27:48.125745,70,-0.274782800300628,3.445167516785097,1.6148732770610004,0.13916000371682458,9.519999787211418,3.81477397849702,94.56019530880762,25.044423464033645
11:27:48.125745,71,-0.24347776257774031,3.151731575236227,2.0284458893486996,0.4872000130126253,36.63999918103218,3.755966728982903,94.41744345152517,32.68769616978157
11:27:48.125745,72,-0.2483492433157528,3.2147911314667343,2.0290150320932803,0.4872000130126253,61.639998622238636,3.8096537068443856,94.41744345152517,32.181179182264145
11:27:48.125745,73,-0.2580113429090583,3.2693052564155933,1.7668168603177654,0.20888000557897612,61.359998628497124,3.7251266462496933,94.5123912689794,28.313595799999224
11:27:48.125745,74,-0.23174666967997581,3.3222417599887315,1.6282403518453112,0.20888000557897612,33.7599992454052,3.707042416010117,93.99026711284884,26.05469552819035
11:27:48.125745,75,-0.23646592932270244,3.3809585334071577,1.5873167927862006,0.13916000371682458,13.999999687075615,3.742508696183644,94.00078043432423,25.095718895906973
11:27:48.125745,76,-0.21735994156633853,3.217040352806091,2.028412355051801,0.4872000130126253,49.99999888241291,3.8093372990465486,93.86532554467723,32.173464037385855
11:27:48.125745,77,-0.1935988623520742,3.2736676213379914,1.765647968159719,0.20888000557897612,49.63999889045954,3.724499021609122,93.38442836200673,28.29837334656874
11:27:48.125745,78,-0.19868305811290557,3.3243205932182938,1.6276833301602511,0.20888000557897612,26.359999410808086,3.706741883023134,93.42030048451954,26.047383005229072
11:27:48.125745,79,-0.20272901458399767,3.3830796997316366,1.5867484279825443,0.27832000743364915,11.639999739825726,3.7422049491971405,93.42931420875493,25.08828802466016
11:27:48.125745,80,-0.16559957840648082,3.326079957873778,1.6272119098216222,0.20888000557897612,20.999999530613422,3.7064875159648616,92.85030087511534,26.041193821634987
11:27:48.125745,81,-0.16872526427165835,3.3888595930082204,1.6201755485253577,0.27832000743364915,9.759999781847,3.7600274419167246,92.85030087511534,25.52434758067297
11:27:48.125745,82,-0.13500046273479568,3.390326487818696,1.6197824952455093,0.27832000743364915,8.359999813139439,3.7598183667362752,92.2802737539316,25.519231501748013
11:27:48.176372,1,-0.7929325397078923,3.105375546640119,0.3539801399824891,0.13916000371682458,34.99999921768904,3.2245001531555317,104.32394455810547,6.302535605566403
11:27:48.176372,2,-0.7618396562007396,3.113149472228721,0.3539801399824891,0.13916000371682458,43.119999036192894,3.2245001531555317,103.75098677578124,6.302535605566403
11:27:48.176372,3,-0.7767834795081352,3.174215282158467,0.36092361768566555,0.13916000371682458,38.99999912828207,3.2877501561597455,103.75098677578124,6.302535605566403
11:27:48.176372,4,-0.7126013486827313,3.0434403863939394,0.4724113082405954,0.13916000371682458,27.359999388456345,3.1612501501513175,103.17802899345702,8.594366734863279
11:27:48.176372,5,-0.7279211900430114,3.1088697095284137,0.4499567845506162,0.27832000743364915,53.87999879568815,3.2245001531555317,103.17802899345702,8.02140895253906
11:27:48.176372,6,-0.7450030175806621,3.1818242778822388,0.36092361768566555,0.13916000371682458,48.239998921751976,3.2877501561597455,103.17802899345702,6.302535605566403
11:27:48.176372,7,-0.6821318229676229,3.050414110210777,0.4724113082405954,0.13916000371682458,33.2399992570281,3.1612501501513175,102.60507121113281,8.594366734863279
11:27:48.176372,8,-0.695779853905607,3.1114465158955005,0.4818632703588137,0.27832000743364915,67.75999848544598,3.2245001531555317,102.60507121113281,8.594366734863277
11:27:48.176372,9,-0.7104645912091271,3.1771149517713067,0.4587828867750933,0.27832000743364915,60.239998653531075,3.2877501561597455,102.60507121113281,8.02140895253906
11:27:48.176372,10,-0.6515940846417084,3.0570827951722332,0.4724113082405954,0.13916000371682458,40.51999909430742,3.1612501501513184,102.03211342880859,8.594366734863277
11:27:48.176372,11,-0.6646311193126734,3.1182486272939074,0.4818632703588137,0.27832000743364915,85.51999808847904,3.2245001531555313,102.03211342880859,8.594366734863279
11:27:48.176372,12,-0.6776681539836383,3.1794144594155824,0.491315232477032,0.27832000743364915,75.11999832093716,3.2877501561597455,102.03211342880859,8.594366734863277
11:27:48.176372,13,-0.6209911874532358,3.0634457744153982,0.4724113082405954,0.13916000371682458,48.75999891012907,3.161250150151318,101.45915564648438,8.594366734863277
11:27:48.176372,14,-0.6334159221646369,3.1247389164420567,0.4818632703588137,0.27832000743364915,106.75999761372805,3.2245001531555317,101.45915564648438,8.594366734863279
11:27:48.176372,15,-0.6458406568760383,3.186032058468715,0.491315232477032,0.27832000743364915,92.35999793559313,3.2877501561597455,101.45915564648438,8.594366734863277
11:27:48.176372,16,-0.6582653915874395,3.2473252004953737,0.5007671945952503,0.27832000743364915,25.999999418854713,3.3510001591639593,101.45915564648438,8.594366734863277
11:27:48.176372,17,-0.5903261916662846,3.0695024116476795,0.4724113082405954,0.13916000371682458,57.11999872326851,3.1612501501513175,100.88619786416015,8.594366734863279
11:27:48.176372,18,-0.6021373839550606,3.1309167343164708,0.4818632703588137,0.27832000743364915,128.51999712735415,3.2245001531555317,100.88619786416015,8.594366734863277
11:27:48.176372,19,-0.6139485762438363,3.1923310569852617,0.491315232477032,0.27832000743364915,109.35999755561352,3.2877501561597455,100.88619786416015,8.594366734863277
11:27:48.176372,20,-0.6257597685326122,3.2537453796540525,0.5007671945952503,0.27832000743364915,28.879999354481697,3.3510001591639593,100.88619786416015,8.594366734863277
11:27:48.176372,21,-0.5596021637547428,3.0752521012104275,0.4724113082405954,0.13916000371682458,63.879998572170734,3.161250150151318,100.31324008183593,8.594366734863277
11:27:48.176372,22,-0.5707986325115597,3.136781463140537,0.4818632703588137,0.27832000743364915,144.51999676972628,3.2245001531555317,100.31324008183593,8.594366734863279
11:27:48.176372,23,-0.5819951012683766,3.198310825070647,0.491315232477032,0.27832000743364915,120.87999729812145,3.2877501561597455,100.31324008183593,8.594366734863277
11:27:48.176372,24,-0.5902354932692169,3.2435952868842866,0.5999281157806897,0.20888000557897612,30.999999307096004,3.3510001591639598,100.31324008183593,10.313240081835934
11:27:48.176372,25,-0.5252030811771584,3.0596109522816115,0.5970301969181779,0.27832000743364915,66.87999850511551,3.1612501501513175,99.74028229951172,10.886197864160154
11:27:48.176372,26,-0.5357112962453925,3.1208273675388076,0.608975522329036,0.27832000743364915,147.23999670892954,3.2245001531555313,99.74028229951172,10.886197864160154
11:27:48.176372,27,-0.5462195113136267,3.1820437827960038,0.6209208477398939,0.27832000743364915,121.9999972730875,3.287750156159745,99.74028229951172,10.886197864160154
11:27:48.176372,28,-0.5567277263818609,3.2432601980532003,0.6328661731507519,0.20888000557897612,31.999999284744263,3.351000159163959,99.74028229951172,10.886197864160154
11:27:48.176372,29,-0.49458122233674245,3.0647099161766462,0.5970301969181779,0.27832000743364915,64.87999854981899,3.1612501501513175,99.1673245171875,10.886197864160152
11:27:48.176372,30,-0.5044767580624202,3.1260283510356963,0.608975522329036,0.20888000557897612,135.63999696820974,3.2245001531555317,99.1673245171875,10.886197864160154
11:27:48.176372,31,-0.514372293788098,3.187346785894747,0.6209208477398939,0.20888000557897612,111.87999749928713,3.2877501561597455,99.1673245171875,10.886197864160152
11:27:48.176372,32,-0.4546280389506139,3.0080880889788886,0.58508487150732,0.27832000743364915,9.119999796152115,3.098000147147104,98.59436673486327,10.886197864160154
11:27:48.176372,33,-0.4639099057884532,3.069502411647679,0.5970301969181779,0.27832000743364915,58.75999868661165,3.1612501501513175,98.59436673486327,10.886197864160154
11:27:48.176372,34,-0.4731917726262926,3.1309167343164703,0.608975522329036,0.20888000557897612,115.35999742150307,3.2245001531555317,98.59436673486327,10.886197864160154
11:27:48.176372,35,-0.4824736394641319,3.1923310569852617,0.6209208477398939,0.20888000557897612,95.51999786496162,3.2877501561597455,98.59436673486327,10.886197864160152
11:27:48.176372,36,-0.4331921986382494,3.0739879594491795,0.5970301969181779,0.20888000557897612,50.639998868107796,3.1612501501513175,98.02140895253906,10.886197864160152
11:27:48.176372,37,-0.4418594684093429,3.1354920285468975,0.608975522329036,0.20888000557897612,93.87999790161848,3.2245001531555317,98.02140895253906,10.886197864160154
11:27:48.176372,38,-0.45052673818043637,3.196996097644615,0.6209208477398939,0.20888000557897612,77.99999825656414,3.287750156159745,98.02140895253906,10.886197864160154
11:27:48.176372,39,-0.4024311726311105,3.0781661110301246,0.5970301969181779,0.20888000557897612,42.23999905586243,3.161250150151318,97.44845117021484,10.886197864160152
11:27:48.176372,40,-0.40699771738437196,3.1130952722382124,0.7351135434149267,0.3480400092958007,74.87999832630157,3.2245001531555317,97.44845117021484,13.178028993457024
11:27:48.176372,41,-0.4149811584216061,3.174160019011066,0.7495331221468214,0.20888000557897612,62.759998597204685,3.2877501561597455,97.44845117021484,13.178028993457026
11:27:48.176372,42,-0.3684745298971729,3.055868001389824,0.7206939646830322,0.3480400092958007,34.99999921768904,3.1612501501513175,96.87549338789063,13.178028993457026
11:27:48.176372,43,-0.3758469344890262,3.1170095280289405,0.7351135434149267,0.3480400092958007,59.75999866425991,3.2245001531555313,96.87549338789063,13.178028993457026
11:27:48.176372,44,-0.38321933908087946,3.178151054668057,0.7495331221468214,0.20888000557897612,50.35999887436628,3.2877501561597455,96.87549338789063,13.178028993457026
11:27:48.176372,45,-0.3446585672151163,3.120612085478299,0.7351135434149267,0.3480400092958007,48.119998924434185,3.2245001531555313,96.3025356055664,13.178028993457026
11:27:48.176372,46,-0.35141919812730615,3.1818242778822388,0.7495331221468214,0.3480400092958007,40.759999088943005,3.2877501561597455,96.3025356055664,13.178028993457026
11:27:48.176372,47,0.13371593848187713,0.14644340784859725,-0.15710945921277028,-1.7396400464640465,5.359999880194664,0.2530000120168552,47.60112410800783,-38.38817141572264
11:27:48.229543,1,-0.6774635243866569,3.080831802986004,1.7925847482287116,0.13916000371682458,31.999999284744263,3.6282008633407514,102.40175130510228,29.608435549728107
11:27:48.229543,2,-0.6910181524348834,3.1424728030773807,1.7884348028986892,0.13916000371682458,47.35999894142151,3.681187369490285,102.40175130510228,29.06692916444277
11:27:48.229543,3,-0.6471347768682267,3.087229174697734,1.790870577644872,0.13916000371682458,38.239999145269394,3.627255825332867,101.83874335748663,29.585777607807884
11:27:48.229543,4,-0.6600825901183384,3.14899817281545,1.7866863353470588,0.13916000371682458,57.51999871432781,3.680237299290398,101.83874335748663,29.044009742138268
11:27:48.229543,5,-0.66731594772816,3.218157521409129,1.913671078809286,0.13916000371682458,49.87999888509512,3.803154664823083,101.71481004792194,30.21060608988439
11:27:48.229543,6,-0.6115047908776259,3.1003874486686507,1.915370981907295,0.13916000371682458,45.759998977184296,3.695265408527635,101.15751987840716,31.220371383709153
11:27:48.229543,7,-0.6290810200957991,3.1552244066887405,1.7850180210088236,0.13916000371682458,70.11999843269587,3.6793305534750944,101.27563818735136,29.022136681700847
11:27:48.229543,8,-0.6359746543955443,3.224451983981133,1.9119844826463297,0.13916000371682458,59.119998678565025,3.8022676155044315,101.15751987840716,30.188982056949147
11:27:48.229543,9,-0.5813082402423966,3.1061483411108655,1.9138273554297212,0.13916000371682458,53.75999879837036,3.694429852297999,100.60014931966899,31.20023403115447
11:27:48.229543,10,-0.5929390021863529,3.1682958721746104,1.9121032210622808,0.13916000371682458,85.51999808847904,3.7477745559130384,100.60014931966899,30.676950676243404
11:27:48.229543,11,-0.604569764130309,3.230443403238355,1.910379086694841,0.13916000371682458,69.75999844074249,3.801423080388158,100.60014931966899,30.16839582320932
11:27:48.229543,12,-0.5400281302076606,3.0493603211241616,1.9141154131322424,0.06972000186215155,8.119999818503857,3.64061348734694,100.04270207810515,31.719909842921883
11:27:48.229543,13,-0.5510535592701636,3.1116172740974033,1.9123619592525183,0.13916000371682458,61.359998628497124,3.693636466795535,100.04270207810515,31.181114410385913
11:27:48.229543,14,-0.5620789883326668,3.1738742270706455,1.910608505372794,0.13916000371682458,102.8799977004528,3.746976815939915,100.04270207810515,30.65761389332949
11:27:48.229543,15,-0.5731044173951698,3.2361311800438872,1.9088550514930698,0.13916000371682458,81.87999816983938,3.8006211722954855,100.04270207810515,30.14884992576448
11:27:48.229543,16,-0.5207437734036767,3.1167937007395476,1.9109749399140767,0.13916000371682458,66.87999850511551,3.692885358562872,99.48518190769431,31.163014867842968
11:27:48.229543,17,-0.5311627670510576,3.1791542231821817,1.9091937346786685,0.13916000371682458,120.63999730348587,3.7462215866676543,99.48518190769433,30.639308736186845
11:27:48.229543,18,-0.5415817606984383,3.2415147456248157,1.90741252944326,0.13916000371682458,94.23999789357185,3.7998619984285575,99.48518190769431,30.130346776098442
11:27:48.229543,19,-0.49038191359612915,3.1216771033989716,1.909666436115168,0.20888000557897612,68.51999846845865,3.6921766285339603,98.92759260764394,31.145937627037462
11:27:48.229543,20,-0.500193429937752,3.1841353325140322,1.907859050455788,0.13916000371682458,134.63999699056149,3.7455089693555936,98.92759260764394,30.622037459938632
11:27:48.229543,21,-0.5100049462793748,3.246593561629093,1.9060516647964079,0.13916000371682458,105.5199976414442,3.79914566034445,98.92759260764394,30.11288865938257
11:27:48.229543,22,-0.4599710160080641,3.1262669937394993,1.9084365787050763,0.20888000557897612,65.75999853014946,3.6915103720092723,98.36993802001372,31.12988478791278
11:27:48.229543,23,-0.4691740739005149,3.1888170569594356,1.906604586171457,0.20888000557897612,140.75999685376883,3.7448390596106895,98.36993802001372,30.60580219439385
11:27:48.229543,24,-0.47837713179296565,3.2513671201793723,1.9047725936378377,0.20888000557897612,113.23999746888876,3.7984722539304907,98.3699380200137,30.096477733813426
11:27:48.229543,25,-0.4295141217037626,3.130562912775943,1.9072854906685117,0.20888000557897612,59.35999867320061,3.690886678632355,97.81222202731627,31.114858326236632
11:27:48.229543,26,-0.4381078008489624,3.1931989283498705,1.905430467271053,0.20888000557897612,136.5199969485402,3.7442119473641258,97.81222202731627,30.590604943429547
11:27:48.229543,27,-0.4467014799941622,3.2558349439237984,1.9035754438735941,0.20888000557897612,115.51999741792679,3.7978418693809264,97.81222202731627,30.08111602998521
11:27:48.229543,28,-0.45066793522958165,3.3203657889640437,2.035658187698904,0.20888000557897612,46.23999896645546,3.9206931552357545,97.72943104588379,31.279190887698924
11:27:48.229543,29,-0.3990142763471378,3.1345644309199976,1.9062132871133137,0.20888000557897612,51.35999885201454,3.690305632367729,97.25444855009609,31.1008600930282
11:27:48.229543,30,-0.40699771738437196,3.197280508501869,1.904336811165482,0.20888000557897612,123.63999723643064,3.7436277168492564,97.25444855009609,30.576447584407976
11:27:48.229543,31,-0.4149811584216061,3.2599965860837403,1.9024603352176503,0.20888000557897612,111.63999750465155,3.7972545911749234,97.25444855009609,30.066805450297576
11:27:48.229543,32,-0.3684745298971729,3.1382711480232017,1.9052200752589397,0.20888000557897612,43.359999030828476,3.6897673114801544,96.696621544488,31.087891814019816
11:27:48.229543,33,-0.3758469344890262,3.2010613892608353,1.9033237272194388,0.20888000557897612,106.75999761372805,3.7430864465809233,96.696621544488,30.563331867628982
11:27:48.229543,34,-0.38321933908087946,3.2638516304984684,1.9014273791799379,0.20888000557897612,102.75999770313501,3.7967104980559396,96.696621544488,30.053547768399365
11:27:48.229543,35,-0.3446585672151163,3.2045411925418605,1.9023913167404687,0.20888000557897612,89.35999800264835,3.7425882093361436,96.13874499975636,30.551259415818084
11:27:48.229543,36,-0.35141919812730615,3.267399691666771,1.900476679055195,0.20888000557897612,91.11999796330929,3.7962096630124647,96.13874499975636,30.041344628668533
11:27:48.229543,37,-0.31343573437324024,3.2077195703675336,1.9015396729688387,0.20888000557897612,73.99999834597111,3.7421330721361854,95.58082293581647,30.540231723650844
11:27:48.229543,38,-0.3195839155483395,3.270640414785504,1.8996083299126376,0.20888000557897612,78.9999982342124,3.795752153260139,95.58082293581647,30.030197545728946
11:27:48.229543,39,-0.20243319342345203,3.3870670204104916,1.6206558669052933,0.27832000743364915,6.7599998489022255,3.7602829198727283,93.42030048451954,25.530599162347457
11:27:48.282129,1,-0.6295111612795707,3.226629997714953,2.04330871735438,0.06972000186215155,24.999999441206455,3.870728091554088,101.0396541581489,31.862828024022686
11:27:48.282129,2,-0.5869128860002192,3.1703722649682873,2.040917031500245,0.06972000186215155,29.35999934375286,3.815896927814092,100.48810312318032,32.333464975334635
11:27:48.282129,3,-0.5984254429980526,3.2325605253991276,2.041719637250715,0.06972000186215155,29.35999934375286,3.8699069288978114,100.48810312318032,31.842685529966605
11:27:48.282129,4,-0.5563665064804229,3.1758939263180945,2.0394375068006863,0.06972000186215155,33.7599992454052,3.8151213958277648,99.93648668069717,32.314542435141846
11:27:48.282129,5,-0.567279882673596,3.2381904965893367,2.040211091016888,0.06972000186215155,33.7599992454052,3.8691272211438053,99.93648668069717,31.8235614903912
11:27:48.282129,6,-0.5257644907761028,3.181120261142528,2.0380371146051046,0.06972000186215155,37.63999915868044,3.814387197980884,99.38480801022487,32.29662990237946
11:27:48.282129,7,-0.5360775948361395,3.2435193482931766,2.038783229506259,0.06972000186215155,37.63999915868044,3.868389071351725,99.38480801022487,31.805458180388854
11:27:48.282129,8,-0.49510989906319114,3.1860507468124863,2.036715994951546,0.13916000371682458,40.3599990978837,3.813694431585498,98.83307033349715,32.27972950465958
11:27:48.282129,9,-0.5048216996883258,3.2485465476299438,2.037436195503782,0.13916000371682458,39.87999910861254,3.8676925771503043,98.83307033349715,31.788377755678045
11:27:48.282129,10,-0.5145335003134605,3.3110423484474008,2.038156396056018,0.13916000371682458,15.87999964505434,3.9219673189537105,98.83307033349715,31.31059096502855
11:27:48.282129,11,-0.4552962707568698,3.1280981886831483,2.0347784361900096,0.13916000371682458,16.99999962002039,3.759337209747453,98.28127691223138,32.76944611342501
11:27:48.282129,12,-0.46440579677517646,3.190684890283531,2.03547427995087,0.13916000371682458,41.11999908089638,3.813043188518001,98.28127691223138,32.26384325118403
11:27:48.282129,13,-0.47351532279348313,3.253271591883914,2.036170123711729,0.13916000371682458,39.99999910593033,3.867037830714273,98.28127691223136,31.772322252011914
11:27:48.282129,14,-0.43365525429656404,3.1950222281451977,2.034312093773535,0.13916000371682458,39.99999910593033,3.812433555197282,97.7294310458838,32.248973032192914
11:27:48.282129,15,-0.4421615947630728,3.257694008554621,2.0349851407362194,0.13916000371682458,38.1199991479516,3.866424918742547,97.72943104588379,31.75729358461799
11:27:48.282129,16,-0.40286134665583856,3.1990623266673355,2.033229552637186,0.13916000371682458,36.999999172985554,3.8118656125641146,97.17753606938541,32.2351206184444
11:27:48.282129,17,-0.4107636509436295,3.261813355404104,2.033881365074557,0.13916000371682458,34.639999225735664,3.8658539224376627,97.17753606938541,31.74329354766949
11:27:48.282129,18,-0.37202715321796515,3.202804781843475,2.03222676479503,0.13916000371682458,33.11999925971031,3.8113394360618376,96.62559535085997,32.22228766072607
11:27:48.282129,19,-0.3793246311032299,3.2656292205011277,2.032858907103383,0.13916000371682458,30.35999932140112,3.865324917486493,96.62559535085995,31.730323813788885
11:27:48.282129,20,-0.20748308220291675,3.426066367029095,1.4414058556647609,-0.06972000186215155,4.999999888241291,3.7227182033338257,93.46560821282254,22.779875684156632
11:27:48.338873,1,-0.7045727804831099,3.2041138031687573,1.7842848575686663,-0.06972000186215155,26.519999407231808,3.7344933417537503,102.40175130510228,28.540835766096052
11:27:48.338873,2,-0.6646311193126734,3.1367122733978667,1.6583820454712346,-0.06972000186215155,27.359999388456345,3.609837866107699,101.96333513314694,27.34879996862463
11:27:48.338873,3,-0.6730304033684499,3.2107671709331673,1.7825020930492455,0.06972000186215155,33.7599992454052,3.733538463914014,101.83874335748663,28.517664822385438
11:27:48.338873,4,-0.6801538258191969,3.2800686956861047,1.9120102760519861,0.06972000186215155,25.239999435842037,3.8571029505219103,101.71481004792194,29.71667817507709
11:27:48.338873,5,-0.6334159221646369,3.1429814113061476,1.6567022350314715,-0.06972000186215155,34.23999923467636,3.6089070614004366,101.39438909553246,27.326420451114167
11:27:48.338873,6,-0.6414207237773186,3.2171155351499165,1.780801053984109,0.06972000186215155,43.359999030828476,3.73262713182885,101.27563818735138,28.495551675233006
11:27:48.338873,7,-0.6537604274588379,3.279006663611093,1.7765840869593943,-0.06972000186215155,29.999999329447746,3.786230105864468,101.27563818735136,27.98383455011837
11:27:48.338873,8,-0.6021373839550606,3.1489487251411545,1.6551032981083982,-0.06972000186215155,42.75999904423952,3.6080208466877854,100.82533672661042,27.30511368322783
11:27:48.338873,9,-0.6097469026511922,3.223158260987903,1.7791819104757378,0.06972000186215155,55.99999874830246,3.731759468565918,100.71244005254428,28.474499147586016
11:27:48.338873,10,-0.6214772628040894,3.285165639896727,1.7749337942374563,-0.06972000186215155,34.99999921768904,3.7853582715070324,100.71244005254427,27.962562100845098
11:27:48.338873,11,-0.5707986325115597,3.154613618176502,1.6535853945943682,-0.06972000186215155,52.11999883502722,3.6071793434867527,100.25618297953696,27.28488248324739
11:27:48.338873,12,-0.5780121073456473,3.2288947441796054,1.7776448244371263,0.06972000186215155,70.51999842375517,3.7309355913868223,100.14915326455129,28.45450993025214
11:27:48.338873,13,-0.5891319509437348,3.2910124820153164,1.773367137613508,-0.06972000186215155,39.519999116659164,3.7845304354927456,100.14915326455129,27.942364034924505
11:27:48.338873,14,-0.5394028016830232,3.159975523927634,1.6521486762784607,-0.06972000186215155,60.11999865621328,3.6063826672739387,99.68693286262848,27.26572953048256
11:27:48.338873,15,-0.5462195113136267,3.2343244110815093,1.776189949575591,0.06972000186215155,83.11999814212322,3.7301556117179335,99.58578218600546,28.435586581081658
11:27:48.338873,16,-0.5567277263818609,3.296546605287549,1.771884273751899,-0.06972000186215155,42.23999905586243,3.783746709509567,99.58578218600546,27.923242942333655
11:27:48.338873,17,-0.5624197479931998,3.366235790510084,1.9038501189724433,0.06972000186215155,8.239999815821648,3.9080052003234558,99.48518190769431,29.154528532910685
11:27:48.338873,18,-0.49798930666201646,3.102950360056293,1.657643131646909,-0.06972000186215155,15.87999964505434,3.5530374383644436,99.11759143665375,27.810098721871185
11:27:48.338873,19,-0.5044767580624202,3.177125981157219,1.7791495118170246,0.06972000186215155,63.23999858647585,3.6761391819364166,99.0223312281671,28.94516180959377
11:27:48.338873,20,-0.514372293788098,3.239446718731476,1.7748174313773988,0.06972000186215155,87.11999805271626,3.7294196351226048,99.0223312281671,28.417731524187282
11:27:48.338873,21,-0.5242678295137758,3.3017674563057344,1.770485350937773,0.06972000186215155,42.35999905318022,3.7830071993677166,99.0223312281671,27.905201277640117
11:27:48.338873,22,-0.4731917726262926,3.181847796816918,1.7778843051241995,0.06972000186215155,59.8799986615777,3.6754507829920464,98.45880484837677,28.92855972243415
11:27:48.338873,23,-0.4824736394641319,3.2442611549030307,1.7735274070932197,0.06972000186215155,79.75999821722507,3.7287277612747904,98.45880484837677,28.400947049202394
11:27:48.338873,24,-0.49175550630197123,3.3066745129891433,1.7691705090622398,0.06972000186215155,39.639999113976955,3.782312004973392,98.45880484837677,27.888241359249456
11:27:48.338873,25,-0.4418594684093429,3.186267191676959,1.7767001318404174,0.06972000186215155,51.639998845756054,3.6748063574917413,97.89520754748206,28.913018739094937
11:27:48.338873,26,-0.45052673818043637,3.2487672381565886,1.7723200057244013,0.06972000186215155,65.63999853283167,3.728080083934093,97.89520754748206,28.385235310578075
11:27:48.338873,27,-0.4591940079515298,3.311267284636219,1.7679398796083854,0.06972000186215155,35.11999921500683,3.781661220303905,97.89520754748206,27.872365368692282
11:27:48.338873,28,-0.4104829786157424,3.190383723801558,1.7755971103820143,0.06972000186215155,41.999999061226845,3.674205993031434,97.33154386724006,28.898540851421256
11:27:48.338873,29,-0.4185347846003744,3.2529645178876017,1.7711953480100688,0.06972000186215155,51.11999885737896,3.727476690922253,97.33154386724006,28.370598326919694
11:27:48.338873,30,-0.4265865905850063,3.3155453119736453,1.7667935856381238,0.06972000186215155,29.879999332129955,3.78105493338425,97.33154386724006,27.85757534995138
11:27:48.338873,31,-0.3790654408681834,3.194196981540951,1.7745753510502122,0.06972000186215155,33.2399992570281,3.6736497712630274,96.76781838769648,28.88512791659253
11:27:48.338873,32,-0.38650097789250115,3.2568525743716115,1.770153546415052,0.06972000186215155,39.11999912559986,3.7269176641010784,96.76781838769648,28.35703798036365
11:27:48.338873,33,-0.3939365149168189,3.319508167202272,1.7657317417798917,0.06972000186215155,24.999999441206455,3.7804932262651185,96.76781838769648,27.843873208829496
11:27:48.338873,34,-0.34760999689411887,3.1977065835725593,1.7736349560200881,0.06972000186215155,26.239999413490295,3.6731377678737287,96.204035724543,28.8727816565487
11:27:48.338873,35,-0.3544285214106495,3.2604310188062278,1.7691947051186367,0.06972000186215155,30.119999326765537,3.7264030793518534,96.204035724543,28.344556015994613
11:27:48.338873,36,-0.36124704592718015,3.3231554540398967,1.7647544542171856,0.06972000186215155,20.75999953597784,3.7799761750023797,96.204035724543,27.831260712358343
11:27:48.338873,37,-0.316119792211593,3.2009121789391206,1.772776019330357,0.06972000186215155,20.87999953329563,3.6726700525668616,95.64020052645444,28.861503657457025
11:27:48.338873,38,-0.3223206223735974,3.2636994933500056,1.7683189200041498,0.06972000186215155,23.519999474287033,3.725933006556214,95.64020052645444,28.333154041303978
11:27:48.338873,39,-0.29018049154434833,3.266657671158228,1.7675262786493688,0.06972000186215155,18.759999580681324,3.7255075095785144,95.07631747240703,28.32283352568989
11:27:48.389717,1,-0.49798930666201646,3.102950360056293,1.657643131646909,-0.06972000186215155,6.359999857842922,3.5530374383644436,99.11759143665375,27.810098721871185
11:27:48.389717,2,-0.5079530310262308,3.1650339062084676,1.6507932868313033,-0.06972000186215155,14.51999967545271,3.605630927455729,99.11759143665375,27.247657364410426
11:27:48.389717,3,-0.483377392997148,3.2416730797678657,1.740764529479406,-0.06972000186215155,12.999999709427357,3.711112933776882,98.48108715307087,27.97381902610401
11:27:48.389717,4,-0.4591940079515298,3.311267284636219,1.7679398796083854,-0.06972000186215155,6.359999857842922,3.781661220303905,97.89520754748206,27.872365368692282
11:27:48.449008,1,-0.6302593936854867,3.152636251105412,1.7528988009190043,-0.06972000186215155,23.35999947786331,3.6618296576132625,101.30525162352066,28.60019173294396
11:27:48.449008,2,-0.6458406568760383,3.2046323879738834,1.6499682968598914,0.06972000186215155,22.239999502897263,3.6618539398463175,101.39438909553247,26.7810801103154
11:27:48.449008,3,-0.6021373839550606,3.1489487251411545,1.6551032981083982,0.06972000186215155,29.519999340176582,3.6080208466877854,100.82533672661042,27.30511368322783
11:27:48.449008,4,-0.6139485762438363,3.210716753320772,1.6483379960787368,0.06972000186215155,28.639999359846115,3.6609634078536457,100.82533672661042,26.75953590300836
11:27:48.449008,5,-0.6257597685326122,3.27248478150039,1.6415726940490751,0.06972000186215155,19.119999572634697,3.7142284317086887,100.82533672661042,26.229559256777712
11:27:48.449008,6,-0.5707986325115597,3.154613618176502,1.6535853945943682,0.06972000186215155,37.75999915599823,3.6071793434867527,100.25618297953696,27.28488248324739
11:27:48.449008,7,-0.5819951012683766,3.216492765749665,1.6467903182129429,0.06972000186215155,37.51999916136265,3.6601178071450384,100.25618297953696,26.739079209065164
11:27:48.449008,8,-0.5931915700251936,3.278371913322828,1.6399952418315173,0.06972000186215155,23.759999468922615,3.7133789241125057,100.25618297953696,26.208885911375862
11:27:48.449008,9,-0.5394028016830232,3.159975523927634,1.6521486762784607,0.06972000186215155,48.239998921751976,3.6063826672739387,99.68693286262848,27.26572953048256
11:27:48.449008,10,-0.5499834272703861,3.221959847664158,1.6453254180289996,0.06972000186215155,49.99999888241291,3.6593172534565004,99.68693286262848,26.71971274397103
11:27:48.449008,11,-0.5605640528577488,3.283944171400683,1.6385021597795384,-0.06972000186215155,29.519999340176582,3.712574673435544,99.68693286262848,26.189314309625008
11:27:48.449008,12,-0.5079530310262308,3.1650339062084676,1.6507932868313033,0.06972000186215155,59.99999865889549,3.605630927455729,99.11759143665375,27.247657364410426
11:27:48.449008,13,-0.5179167553904451,3.2271174523606416,1.6439434420156978,0.06972000186215155,66.23999851942062,3.658561856439115,99.11759143665375,26.701439081499895
11:27:48.449008,14,-0.5278804797546593,3.289200998512816,1.6370935972000922,-0.06972000186215155,36.35999918729067,3.7118157895452266,99.11759143665374,26.170847057757715
11:27:48.449008,15,-0.47645246549189896,3.1697882591850117,1.6495193617907058,0.06972000186215155,69.87999843806028,3.6049242273399966,98.54816381209487,27.230668383857004
11:27:48.449008,16,-0.485798292268876,3.231965064082965,1.6426445283694817,-0.06972000186215155,83.8799981251359,3.6578517196308487,98.54816381209487,26.68426065288338
11:27:48.449008,17,-0.4951441190458531,3.2941418689809194,1.635769694948257,-0.06972000186215155,42.9999990388751,3.7111023761828386,98.54816381209487,26.153486617672694
11:27:48.449008,18,-0.4361772604952983,3.1119740167778853,1.6552252501155826,-0.06972000186215155,21.519999518990517,3.5516761553235763,97.97865514637898,27.777588040431432
11:27:48.449008,19,-0.4449042551101904,3.174238107425952,1.6483270285481049,-0.06972000186215155,72.87999837100506,3.604262664109328,97.97865514637898,27.214764846221467
11:27:48.449008,20,-0.45363124972508245,3.2365021980740187,1.641428806980627,-0.06972000186215155,94.75999788194895,3.65718694042989,97.97865514637898,26.668179746023057
11:27:48.449008,21,-0.4623582443399745,3.298766288722086,1.6345305854131489,-0.06972000186215155,47.63999893516302,3.7104345309369737,97.97865514637898,26.13723530613612
11:27:48.449008,22,-0.4133115546757118,3.1783830059501934,1.6472164063358254,-0.06972000186215155,67.11999849975109,3.603646328795787,97.40907064108201,27.19994886674401
11:27:48.449008,23,-0.4214188444363689,3.2407284006242048,1.6402963994202544,-0.06972000186215155,90.63999797403812,3.6565676100695104,97.40907064108201,26.653198504747092
11:27:48.449008,24,-0.430153812481175,3.2991292923979425,1.600105418433006,-0.06972000186215155,47.8799989297986,3.6918320303677015,97.4285493680826,25.684653560035034
11:27:48.449008,25,-0.4399283312555071,3.3473283213392633,1.491118537983338,-0.06972000186215155,6.8799998462200165,3.690742245375414,97.4872830648585,23.829472859282223
11:27:48.449008,26,-0.382235279232984,3.178432552877774,1.6141711055187735,-0.06972000186215155,55.75999875366688,3.5852594968530718,96.85740473691733,26.758078547033396
11:27:48.449008,27,-0.3897329940450436,3.240778919436782,1.6066029003471383,-0.06972000186215155,74.63999833166599,3.638091902456147,96.85740473691733,26.20638974352773
11:27:48.449008,28,-0.3972307088571032,3.303125285995789,1.599034695175503,-0.06972000186215155,43.5199990272522,3.6912519349698814,96.85740473691733,25.670542874547337
11:27:48.449008,29,-0.35051679710681977,3.1819715030639903,1.6132228466743228,-0.06972000186215155,43.87999901920557,3.584730481416607,96.28619267623506,26.7453686878303
11:27:48.449008,30,-0.3573923398008828,3.2443872877030966,1.605636040984185,-0.06972000186215155,56.639998733997345,3.637560343590904,96.28619267623506,26.193537559370704
11:27:48.449008,31,-0.36426788249494585,3.3068030723422024,1.5980492352940472,-0.06972000186215155,36.75999917834997,3.690717952904701,96.28619267623506,25.657554002601955
11:27:48.449008,32,-0.31876326359460816,3.185203904406722,1.6123567273449246,-0.06972000186215155,33.87999924272299,3.5842472218137726,95.7149186767007,26.733758287392263
11:27:48.449008,33,-0.3250159466221656,3.2476830940341763,1.604752932339363,-0.06972000186215155,41.999999061226845,3.6370747612175762,95.7149186767007,26.18179713222454
11:27:48.449008,34,-0.3312686296497231,3.3101622836616293,1.5971491373338014,-0.06972000186215155,29.759999334812164,3.6902301575988568,95.7149186767007,25.645688699966872
11:27:48.449008,35,-0.25516374690661425,3.190747798298977,1.610871245453571,-0.06972000186215155,26.239999413490295,3.583418231174577,94.57220698760648,26.713841970919596
11:27:48.449008,36,-0.2601688971599383,3.25333573386803,1.6032383120607778,-0.06972000186215155,31.359999299049377,3.636241787556425,94.57220698760648,26.16165773979032
11:27:48.449008,37,-0.26517404741326234,3.3159236694370824,1.5956053786679847,-0.06972000186215155,23.759999468922615,3.689393389351266,94.57220698760648,25.625335071666676
11:27:48.449008,38,-0.22416763141929763,3.179838649507781,1.5144320090652161,-0.06972000186215155,20.63999953866005,3.5291825220525097,94.03248304109614,25.41153206534054
11:27:48.449008,39,-0.22856477909716102,3.242212597276851,1.50490737720706,0.06972000186215155,23.879999466240406,3.5817496559861173,94.03248304109614,24.844679527910948
11:27:48.449008,40,-0.23296192677502445,3.3045865450459213,1.4953827453489037,-0.06972000186215155,18.879999577999115,3.6346572119131806,94.03248304109614,24.294277087087703
11:27:48.449008,41,-0.19595513217357144,3.2442628880471593,1.5043580034509068,-0.06972000186215155,18.639999583363533,3.5814428800599423,93.45649501686891,24.83726688678702
11:27:48.449008,42,-0.19972493283054915,3.306676279475639,1.4948228026960653,-0.06972000186215155,15.119999662041664,3.6343490858063072,93.45649501686891,24.286784811030746
11:27:48.499863,1,-0.5707986325115597,3.154613618176502,1.6535853945943682,0.06972000186215155,9.239999793469906,3.6071793434867527,100.25618297953696,27.28488248324739
11:27:48.499863,2,-0.5186736013061499,3.2232275117546196,1.6113057858616031,0.06972000186215155,12.23999972641468,3.6406763427658393,99.1415243400959,26.268879153070305
11:27:48.499863,3,-0.4623582443399745,3.298766288722086,1.6345305854131489,0.06972000186215155,5.879999868571758,3.7104345309369737,97.97865514637898,26.13723530613612
11:27:48.553384,1,-0.5044767580624202,3.177125981157219,1.7791495118170246,-0.06972000186215155,9.359999790787697,3.6761391819364166,99.0223312281671,28.94516180959377
11:27:48.553384,2,-0.4467014799941622,3.2558349439237984,1.9035754438735941,-0.06972000186215155,11.999999731779099,3.7978418693809264,97.81222202731627,30.08111602998521
11:27:48.553384,3,-0.3939365149168189,3.319508167202272,1.7657317417798917,-0.06972000186215155,8.119999818503857,3.7804932262651185,96.76781838769648,27.843873208829496
11:27:48.607829,1,-0.4731917726262926,3.181847796816918,1.7778843051241995,-0.06972000186215155,5.639999873936176,3.6754507829920464,98.45880484837677,28.92855972243415
11:27:48.607829,2,0.1540986815934384,0.07990079890656474,1.815938964618294,4.174800111504737,5.759999871253967,1.8242162329487435,27.406924565792043,84.53981520179383
11:27:48.664723,1,-0.4691740739005149,3.1888170569594356,1.906604586171457,0.06972000186215155,9.879999779164791,3.7448390596106895,98.36993802001372,30.60580219439385
11:27:48.664723,2,-0.4824736394641319,3.2442611549030307,1.7735274070932197,0.06972000186215155,12.359999723732471,3.7287277612747904,98.45880484837677,28.400947049202394
11:27:48.664723,3,-0.49175550630197123,3.3066745129891433,1.7691705090622398,0.06972000186215155,7.999999821186066,3.782312004973392,98.45880484837677,27.888241359249456
11:27:48.664723,4,-0.30696359156548103,3.608673891017376,0.6741915382505657,1.4613200390303973,5.759999871253967,3.683922926515419,94.86203031678974,10.545082553524916
11:27:48.717766,1,-0.4678959903226053,3.24997152326833,2.16750978930615,-0.06972000186215155,7.239999838173389,3.934379270806646,98.19253775000722,33.42982998215509
11:27:48.717766,2,-0.42850895187648735,3.191734174172349,2.163138828247956,-0.06972000186215155,6.9999998435378075,3.8794273482940587,97.64656956025931,33.88945242824857
11:27:48.829102,1,-0.4731917726262926,3.181847796816918,1.7778843051241995,0.06972000186215155,11.119999751448631,3.6754507829920464,98.45880484837677,28.92855972243415
11:27:48.829102,2,-0.4824736394641319,3.2442611549030307,1.7735274070932197,-0.06972000186215155,15.119999662041664,3.7287277612747904,98.45880484837677,28.400947049202394
11:27:48.829102,3,-0.4951441190458531,3.2941418689809194,1.635769694948257,0.06972000186215155,8.51999980956316,3.7111023761828386,98.54816381209487,26.153486617672694
11:27:49.159174,1,-0.4639099057884532,3.119434438730805,1.7822412031551793,-0.06972000186215155,5.519999876618385,3.6224946272496314,98.45880484837677,29.471645600828595
11:27:49.159174,2,-0.4731917726262926,3.181847796816918,1.7778843051241995,-0.06972000186215155,16.8799996227026,3.6754507829920464,98.45880484837677,28.92855972243415
11:27:49.159174,3,-0.45052673818043637,3.2487672381565886,1.7723200057244013,-0.06972000186215155,21.359999522566795,3.728080083934093,97.89520754748206,28.385235310578075
11:27:49.159174,4,-0.4591940079515298,3.311267284636219,1.7679398796083854,-0.06972000186215155,12.879999712109566,3.781661220303905,97.89520754748206,27.872365368692282
11:27:49.212762,1,-0.4824736394641319,3.2442611549030307,1.7735274070932197,-0.06972000186215155,5.879999868571758,3.7287277612747904,98.45880484837677,28.400947049202394
11:27:49.269838,1,-0.5198164626209976,3.2210819894447256,0.763952700878716,-0.06972000186215155,5.239999882876873,3.3510001591639598,99.1673245171875,13.178028993457024
11:27:49.269838,2,-0.47837713179296565,3.165226138510613,0.7495331221468214,0.06972000186215155,11.639999739825726,3.2877501561597455,98.59436673486327,13.178028993457026
11:27:49.269838,3,-0.4418594684093429,3.1354920285468975,0.608975522329036,0.06972000186215155,10.119999773800373,3.2245001531555317,98.02140895253906,10.886197864160154
11:27:49.269838,4,0.11795985899623514,0.16877475882841667,-0.14700189974461886,-1.8090800483187195,5.519999876618385,0.2530000120168552,55.04957527822267,-35.52338250410155
11:27:49.323170,1,-0.4691740739005149,3.1888170569594356,1.906604586171457,-0.06972000186215155,8.759999804198742,3.7448390596106895,98.36993802001372,30.60580219439385
11:27:49.323170,2,-0.47837713179296565,3.2513671201793723,1.9047725936378377,-0.06972000186215155,10.759999759495258,3.7984722539304907,98.3699380200137,30.096477733813426
11:27:49.323170,3,-0.455295159139362,3.3184709594977253,1.9017204204761355,-0.06972000186215155,5.639999873936176,3.851763719209866,97.81222202731627,29.585853799114236
11:27:49.379411,1,-0.515451386716066,3.1187211739918803,2.03729099970395,-0.06972000186215155,9.63999978452921,3.7606736777667282,99.38480801022487,32.801870408891205
11:27:49.379411,2,-0.4989972703333667,3.18509200173774,1.9400675182711913,-0.06972000186215155,22.99999948590994,3.7626681106343693,98.90395358923467,31.03820520991148
11:27:49.379411,3,-0.47837713179296565,3.2513671201793723,1.9047725936378377,-0.06972000186215155,23.11999948322773,3.7984722539304907,98.3699380200137,30.096477733813426
11:27:49.379411,4,-0.48758018968541644,3.313917183399308,1.9029406011042185,-0.06972000186215155,10.119999773800373,3.8523972369336157,98.36993802001372,29.601373871584943
11:27:49.440282,1,-0.5869128860002192,3.1703722649682873,2.040917031500245,-0.13916000371682458,29.639999337494373,3.815896927814092,100.48810312318032,32.333464975334635
11:27:49.440282,2,-0.5984254429980526,3.2325605253991276,2.041719637250715,-0.13916000371682458,24.119999460875988,3.8699069288978114,100.48810312318032,31.842685529966605
11:27:49.440282,3,-0.5454531302872497,3.1135973560468524,2.038663922584484,-0.13916000371682458,28.519999362528324,3.7614037542079504,99.93648668069717,32.81958502384734
11:27:49.440282,4,-0.5563665064804229,3.1758939263180945,2.0394375068006863,-0.13916000371682458,37.239999167621136,3.8151213958277648,99.93648668069717,32.314542435141846
11:27:49.440282,5,-0.567279882673596,3.2381904965893367,2.040211091016888,-0.13916000371682458,30.119999326765537,3.8691272211438053,99.93648668069717,31.8235614903912
11:27:49.440282,6,-0.515451386716066,3.1187211739918803,2.03729099970395,-0.13916000371682458,33.7599992454052,3.7606736777667282,99.38480801022487,32.801870408891205
11:27:49.440282,7,-0.5257644907761028,3.181120261142528,2.0380371146051046,-0.13916000371682458,47.51999893784523,3.814387197980884,99.38480801022487,32.29662990237946
11:27:49.440282,8,-0.5360775948361395,3.2435193482931766,2.038783229506259,-0.13916000371682458,38.1199991479516,3.868389071351725,99.38480801022487,31.805458180388854
11:27:49.440282,9,-0.4853980984380564,3.1235549459950294,2.03599579439931,-0.13916000371682458,39.35999912023544,3.759984799095466,98.83307033349715,32.78515677831129
11:27:49.440282,10,-0.4964553778025245,3.1860497567743176,2.00449921207677,-0.13916000371682458,60.51999864727259,3.7967615260912986,98.85669717159725,31.867030542734916
11:27:49.440282,11,-0.5048216996883258,3.2485465476299438,2.037436195503782,-0.13916000371682458,48.35999891906977,3.8676925771503043,98.83307033349715,31.788377755678045
11:27:49.440282,12,-0.5145335003134605,3.3110423484474008,2.038156396056018,-0.13916000371682458,23.23999948054552,3.9219673189537105,98.83307033349715,31.31059096502855
11:27:49.440282,13,-0.4461867447385631,3.065511487082766,2.03408259242915,-0.13916000371682458,6.6399998515844345,3.705932444262858,98.28127691223138,33.28966256265743
11:27:49.440282,14,-0.4552962707568698,3.1280981886831483,2.0347784361900096,-0.13916000371682458,44.519999004900455,3.759337209747453,98.28127691223138,32.76944611342501
11:27:49.440282,15,-0.46566783602578826,3.1906964936948716,2.0032541226714677,-0.13916000371682458,75.87999830394983,3.7961056002679796,98.30343843264995,31.8510585902118
11:27:49.440282,16,-0.47351532279348313,3.253271591883914,2.036170123711729,-0.13916000371682458,60.99999863654375,3.867037830714273,98.28127691223136,31.772322252011914
11:27:49.440282,17,-0.4826248488117898,3.3158582934842964,2.0368659674725893,-0.13916000371682458,26.75999940186739,3.9213092120626296,98.28127691223136,31.294372300947657
11:27:49.440282,18,-0.4263042711066748,3.1323733792060833,2.0020478058993336,-0.13916000371682458,47.8799989297986,3.7418837148459154,97.75012505841293,32.34644912945872
11:27:49.440282,19,-0.4348337278555865,3.19504561842626,2.00208877821191,-0.13916000371682458,90.11999798566103,3.795491582199556,97.75012505841293,31.836108070417822
11:27:49.440282,20,-0.4433631846044982,3.257717857646437,2.0021297505244866,-0.13916000371682458,73.87999834865332,3.8493921716845607,97.75012505841293,31.340020526753115
11:27:49.440282,21,-0.4518926413534099,3.320390096866614,2.0021707228370635,-0.13916000371682458,29.999999329447746,3.9035733575872675,97.75012505841293,30.857668937897635
11:27:49.440282,22,-0.39603235759648314,3.136344993151987,2.00098361514988,-0.13916000371682458,48.35999891906977,3.741314872131354,97.19676052702987,32.33267645779695
11:27:49.440282,23,-0.4039561366769031,3.1990966960596543,2.001003295231566,-0.13916000371682458,97.63999781757593,3.79491955364357,97.19676052702987,31.822180780074838
11:27:49.440282,24,-0.4118799157573231,3.261848398967322,2.0010229753132522,-0.13916000371682458,82.87999814748764,3.848817089779851,97.19676052702987,31.325944239158236
11:27:49.440282,25,-0.4219531244220318,3.3236741953424205,1.9340646474015413,-0.13916000371682458,32.119999282062054,3.8685217662982136,97.23521292475503,29.99664403257139
11:27:49.440282,26,-0.36572084118232817,3.140024009168066,1.9999978257794309,-0.13916000371682458,45.87999897450209,3.7407878601906117,96.64334835041029,32.31991733143586
11:27:49.440282,27,-0.37303815022298686,3.202849321490685,1.9999977822778252,-0.13916000371682458,94.11999789625406,3.794389590805265,96.64334835041029,31.809278394205815
11:27:49.440282,28,-0.3823029106242226,3.264785794370375,1.9342786888895322,-0.13916000371682458,83.51999813318253,3.8139763823189257,96.67885789802492,30.47453692935676
11:27:49.440282,29,-0.38965768489142116,3.3275940071280137,1.9330143369991095,-0.13916000371682458,32.63999927043915,3.8679787246976063,96.67885789802492,29.983324174185253
11:27:49.440282,30,-0.33537275299045616,3.143410059355799,1.9990905363660965,-0.13916000371682458,41.11999908089638,3.740302749416966,96.08989207189181,32.30817328159284
11:27:49.440282,31,-0.34208286026657997,3.2063031194599527,1.9990723399011396,-0.13916000371682458,81.6399981752038,3.793901764319235,96.08989207189181,31.79740246566484
11:27:49.440282,32,-0.35057881633928933,3.2683253707262243,1.933330262263434,-0.13916000371682458,75.51999831199646,3.8134790072035494,96.12245517185262,30.462401313229737
11:27:49.440282,33,-0.35817982903949597,3.330258190791681,1.8985620413699213,-0.13916000371682458,31.239999301731586,3.850123404801016,96.13874499975636,29.545672287329094
11:27:49.440282,34,-0.30499112780426074,3.146502805113007,1.9982618376380579,-0.13916000371682458,35.35999920964241,3.7398596046354418,95.53639526388615,32.297445718582736
11:27:49.440282,35,-0.31268618601536846,3.20861984038459,1.9337632529061182,-0.13916000371682458,66.23999851942062,3.7593156623678894,95.56600861476821,30.956848081319208
11:27:49.440282,36,-0.3188196644664375,3.271558343998895,1.9324639896858706,-0.13916000371682458,62.99999859184027,3.8130246587285423,95.56600861476821,30.4513159569761
11:27:49.440282,37,-0.32573209672343867,3.3335612592034747,1.8976769868564365,-0.13916000371682458,28.639999359846115,3.8496636235056467,95.58082293581647,29.53441023462246
11:27:49.440282,38,-0.273834847833918,3.149233126418322,2.0291153466917877,-0.13916000371682458,29.879999332129955,3.7563231887843305,94.96953287385894,32.69634051330216
11:27:49.440282,39,-0.2815067509143022,3.2114895957530076,1.9329943042726756,-0.13916000371682458,52.23999883234501,3.7589065504200487,95.00952212295954,30.94692141753253
11:27:49.440282,40,-0.2877166748455656,3.2735734757850707,1.8988224185864526,-0.13916000371682458,50.519998870790005,3.7953380302252717,95.02285940073932,30.02010790400426
11:27:49.440282,41,-0.29325179147060765,3.3365507466674083,1.8968759561046924,-0.13916000371682458,25.119999438524246,3.849247444778739,95.02285940073932,29.524216520224297
11:27:49.440282,42,-0.24347776257774031,3.151731575236227,2.0284458893486996,-0.13916000371682458,24.879999443888664,3.755966728982903,94.41744345152517,32.68769616978157
11:27:49.440282,43,-0.2502991653739912,3.2140580424449374,1.9323060910557708,-0.13916000371682458,40.99999908357859,3.7585403552340813,94.45299961780539,30.938036386504763
11:27:49.440282,44,-0.2558206627163564,3.2761985813618275,1.8981190236671142,-0.13916000371682458,39.87999910861254,3.794967349529754,94.46485846824099,30.011076957309328
11:27:49.440282,45,-0.26074216128431615,3.33922635423724,1.8961590292170933,-0.13916000371682458,21.639999516308308,3.8488749243883276,94.46485846824099,29.515092413644243
11:27:49.440282,46,-0.21906655012684356,3.2163249236178606,1.9316986820761486,-0.13916000371682458,32.51999927312136,3.758217125979371,93.89644504339522,30.93019408002882
11:27:49.440282,47,-0.22389906873520232,3.278515469007418,1.8974982154935245,-0.06972000186215155,31.63999929279089,3.7946401609773925,93.90682423515828,30.00310582847948
11:27:49.440282,48,-0.18826223760765748,3.2174129231950155,1.898942346906765,-0.06972000186215155,26.119999416172504,3.7407446618724336,93.34876081891161,30.506593939625613
11:27:49.440282,49,-0.19195508503475758,3.2805239070350165,1.8969600561459814,-0.06972000186215155,25.359999433159828,3.794356508541647,93.34876081891161,29.996195509038028
11:27:49.495077,1,-0.5311627670510576,3.1791542231821817,1.9091937346786685,-0.13916000371682458,26.239999413490295,3.7462215866676543,99.48518190769433,30.639308736186845
11:27:49.495077,2,-0.5415817606984383,3.2415147456248157,1.90741252944326,-0.13916000371682458,28.519999362528324,3.7998619984285575,99.48518190769431,30.130346776098442
11:27:49.495077,3,-0.4853980984380564,3.1235549459950294,2.03599579439931,-0.20888000557897612,23.759999468922615,3.759984799095466,98.83307033349715,32.78515677831129
11:27:49.495077,4,-0.500193429937752,3.1841353325140322,1.907859050455788,-0.13916000371682458,33.639999248087406,3.7455089693555936,98.92759260764394,30.622037459938632
11:27:49.495077,5,-0.5100049462793748,3.246593561629093,1.9060516647964079,-0.13916000371682458,35.11999921500683,3.79914566034445,98.92759260764394,30.11288865938257
11:27:49.495077,6,-0.4552962707568698,3.1280981886831483,2.0347784361900096,-0.20888000557897612,29.999999329447746,3.759337209747453,98.28127691223138,32.76944611342501
11:27:49.495077,7,-0.4691740739005149,3.1888170569594356,1.906604586171457,-0.13916000371682458,43.99999901652336,3.7448390596106895,98.36993802001372,30.60580219439385
11:27:49.495077,8,-0.47837713179296565,3.2513671201793723,1.9047725936378377,-0.13916000371682458,43.5199990272522,3.7984722539304907,98.3699380200137,30.096477733813426
11:27:49.495077,9,-0.4251489138300552,3.1323504477357753,2.0336390468108503,-0.20888000557897612,38.1199991479516,3.75873099583824,97.72943104588379,32.754740278229555
11:27:49.495077,10,-0.4381078008489624,3.1931989283498705,1.905430467271053,-0.13916000371682458,58.23999869823456,3.7442119473641258,97.81222202731627,30.590604943429547
11:27:49.495077,11,-0.4467014799941622,3.2558349439237984,1.9035754438735941,-0.13916000371682458,53.35999880731106,3.7978418693809264,97.81222202731627,30.08111602998521
11:27:49.495077,12,-0.39603235759648314,3.136344993151987,2.00098361514988,-0.20888000557897612,47.75999893248081,3.741314872131354,97.19676052702987,32.33267645779695
11:27:49.495077,13,-0.40699771738437196,3.197280508501869,1.904336811165482,-0.13916000371682458,76.359998293221,3.7436277168492564,97.25444855009609,30.576447584407976
11:27:49.495077,14,-0.4149811584216061,3.2599965860837403,1.9024603352176503,-0.13916000371682458,63.879998572170734,3.7972545911749234,97.25444855009609,30.066805450297576
11:27:49.495077,15,-0.36572084118232817,3.140024009168066,1.9999978257794309,-0.20888000557897612,56.99999872595072,3.7407878601906117,96.64334835041029,32.31991733143586
11:27:49.495077,16,-0.3758469344890262,3.2010613892608353,1.9033237272194388,-0.13916000371682458,95.11999787390232,3.7430864465809233,96.696621544488,30.563331867628982
11:27:49.495077,17,-0.38321933908087946,3.2638516304984684,1.9014273791799379,-0.13916000371682458,72.11999838799238,3.7967104980559396,96.696621544488,30.053547768399365
11:27:49.495077,18,-0.39059174367273275,3.3266418717361015,1.8995310311404372,-0.20888000557897612,14.51999967545271,3.8506267270768575,96.696621544488,29.558001276593615
11:27:49.495077,19,-0.33708988918031435,3.142572755899407,1.9358954578603242,-0.20888000557897612,61.99999861419201,3.7063572875902056,96.12245517185262,31.487836949870594
11:27:49.495077,20,-0.3446585672151163,3.2045411925418605,1.9023913167404687,-0.20888000557897612,105.5199976414442,3.7425882093361436,96.13874499975636,30.551259415818084
11:27:49.495077,21,-0.35141919812730615,3.267399691666771,1.900476679055195,-0.20888000557897612,74.87999832630157,3.7962096630124647,96.13874499975636,30.041344628668533
11:27:49.495077,22,-0.29807885342443585,3.083487865987975,2.0292658362186633,-0.20888000557897612,12.639999717473984,3.7033320478453096,95.521590312376,33.22695089434381
11:27:49.495077,23,-0.3065527075642995,3.1456813367702856,1.9350625161263655,-0.20888000557897612,59.8799986615777,3.705907793825582,95.56600861476821,31.476992680132422
11:27:49.495077,24,-0.31343573437324024,3.2077195703675336,1.9015396729688387,-0.20888000557897612,99.87999776750803,3.7421330721361854,95.58082293581647,30.540231723650844
11:27:49.495077,25,-0.3195839155483395,3.270640414785504,1.8996083299126376,-0.20888000557897612,70.63999842107296,3.795752153260139,95.58082293581647,30.030197545728946
11:27:49.495077,26,-0.27664644159548146,3.1476189340203953,1.9027153435499728,-0.20888000557897612,51.759998843073845,3.6884093978341967,95.02285940073932,31.055182069899747
11:27:49.495077,27,-0.2821815582205235,3.210596204902733,1.9007688810682126,-0.20888000557897612,82.23999816179276,3.7417210962300356,95.02285940073932,30.530250157313706
11:27:49.495077,28,-0.2877166748455656,3.2735734757850707,1.8988224185864526,-0.20888000557897612,61.519998624920845,3.7953380302252717,95.02285940073932,30.02010790400426
11:27:49.495077,29,-0.24597766558043702,3.1501430356110034,1.9020390125671551,-0.20888000557897612,41.63999906927347,3.6880426464590057,94.46485846824099,31.046348342418565
11:27:49.495077,30,-0.2508991641483967,3.2131708084864163,1.9000790181171343,-0.20888000557897612,62.879998594522476,3.7413523370792796,94.46485846824099,30.52131595410178
11:27:49.495077,31,-0.2558206627163564,3.2761985813618275,1.8981190236671142,-0.20888000557897612,50.75999886542559,3.794967349529754,94.46485846824099,30.011076957309328
11:27:49.495077,32,-0.21528429200491472,3.152370778313345,1.9014420907091185,-0.20888000557897612,32.51999927312136,3.6877189256596283,93.90682423515828,31.038551302139794
11:27:49.495077,33,-0.21959168037005852,3.2154431236603815,1.8994701531013214,-0.20888000557897612,46.999998949468136,3.741026844344389,93.90682423515828,30.51343022205398
11:27:49.495077,34,-0.22389906873520232,3.278515469007418,1.8974982154935245,-0.20888000557897612,40.879999086260796,3.7946401609773925,93.90682423515828,30.00310582847948
11:27:49.495077,35,-0.18456939018055737,3.1543019393550136,1.9009246376675488,-0.20888000557897612,25.239999435842037,3.6874382791447404,93.34876081891161,31.031791913766636
11:27:49.495077,36,-0.18826223760765748,3.2174129231950155,1.898942346906765,-0.20888000557897612,35.35999920964241,3.7407446618724336,93.34876081891161,30.506593939625613
11:27:49.495077,37,-0.19195508503475758,3.2805239070350165,1.8969600561459814,-0.20888000557897612,32.75999926775694,3.794356508541647,93.34876081891161,29.996195509038028
11:27:49.495077,38,-0.12308728948879807,3.1572737736756196,1.9001283370613034,-0.20888000557897612,19.759999558329582,3.687006354764925,92.23256299422651,31.021389311055476
11:27:49.495077,39,-0.1255500086853711,3.220444217704084,1.8981301139910391,-0.20888000557897612,27.119999393820763,3.740310373974893,92.23256299422651,30.496072987831827
11:27:49.495077,40,-0.12801272788194412,3.283614661732549,1.896131890920775,-0.20888000557897612,26.239999413490295,3.7939199586985928,92.23256299422651,29.98556060612748
11:27:49.495077,41,-0.09232623877995558,3.1583141497736147,1.8998495691260209,-0.20888000557897612,15.75999964773655,3.6868551352522396,91.67443690056464,31.017747384925805
11:27:49.495077,42,-0.09417349369583765,3.2215054095516087,1.8978457684924803,-0.20888000557897612,21.239999525249004,3.7401583270858962,91.67443690056464,30.49238962504456
11:27:49.495077,43,-0.09602074861171972,3.284696669329602,1.8958419678589402,-0.20888000557897612,21.359999522566795,3.793767119996191,91.67443690056464,29.981837346691787
11:27:49.495077,44,0.1135906682371052,0.10418830886411648,1.7993735748561217,-1.7396400464640465,6.239999860525131,1.8059632625014872,42.52785520519192,85.10392869842424
11:27:49.609517,1,-0.5731044173951698,3.2361311800438872,1.9088550514930698,-0.13916000371682458,25.359999433159828,3.8006211722954855,100.04270207810515,30.14884992576448
11:27:49.609517,2,-0.5891319509437348,3.2910124820153164,1.773367137613508,-0.13916000371682458,19.879999555647373,3.7845304354927456,100.14915326455129,27.942364034924505
11:27:49.609517,3,-0.5311627670510576,3.1791542231821817,1.9091937346786685,-0.13916000371682458,24.879999443888664,3.7462215866676543,99.48518190769433,30.639308736186845
11:27:49.609517,4,-0.5462195113136267,3.2343244110815093,1.776189949575591,-0.13916000371682458,31.63999929279089,3.7301556117179335,99.58578218600546,28.435586581081658
11:27:49.609517,5,-0.5567277263818609,3.296546605287549,1.771884273751899,-0.13916000371682458,24.23999945819378,3.783746709509567,99.58578218600546,27.923242942333655
11:27:49.609517,6,-0.500193429937752,3.1841353325140322,1.907859050455788,-0.13916000371682458,29.999999329447746,3.7455089693555936,98.92759260764394,30.622037459938632
11:27:49.609517,7,-0.514372293788098,3.239446718731476,1.7748174313773988,-0.13916000371682458,39.639999113976955,3.7294196351226048,99.0223312281671,28.417731524187282
11:27:49.609517,8,-0.5242678295137758,3.3017674563057344,1.770485350937773,-0.13916000371682458,29.23999934643507,3.7830071993677166,99.0223312281671,27.905201277640117
11:27:49.609517,9,-0.4691740739005149,3.1888170569594356,1.906604586171457,-0.13916000371682458,35.879999198019505,3.7448390596106895,98.36993802001372,30.60580219439385
11:27:49.609517,10,-0.4824736394641319,3.2442611549030307,1.7735274070932197,-0.13916000371682458,48.99999890476465,3.7287277612747904,98.45880484837677,28.400947049202394
11:27:49.609517,11,-0.49175550630197123,3.3066745129891433,1.7691705090622398,-0.13916000371682458,34.51999922841787,3.782312004973392,98.45880484837677,27.888241359249456
11:27:49.609517,12,-0.4391116788348042,3.1919446165379664,1.8732256486302552,-0.13916000371682458,41.63999906927347,3.7269697922335063,97.83293978753154,30.173064562584173
11:27:49.609517,13,-0.45052673818043637,3.2487672381565886,1.7723200057244013,-0.13916000371682458,58.35999869555235,3.728080083934093,97.89520754748206,28.385235310578075
11:27:49.609517,14,-0.4591940079515298,3.311267284636219,1.7679398796083854,-0.13916000371682458,38.75999913364649,3.781661220303905,97.89520754748206,27.872365368692282
11:27:49.609517,15,-0.4079303098832462,3.196035549201959,1.8721294865266482,-0.27832000743364915,46.11999896913767,3.726381513453318,97.27369559129238,30.1588286063672
11:27:49.609517,16,-0.4185347846003744,3.2529645178876017,1.7711953480100688,-0.13916000371682458,65.23999854177237,3.727476690922253,97.33154386724006,28.370598326919694
11:27:49.609517,17,-0.4265865905850063,3.3155453119736453,1.7667935856381238,-0.13916000371682458,40.759999088943005,3.78105493338425,97.33154386724006,27.85757534995138
11:27:49.609517,18,-0.3684745298971729,3.1382711480232017,1.9052200752589397,-0.27832000743364915,19.119999572634697,3.6897673114801544,96.696621544488,31.087891814019816
11:27:49.609517,19,-0.3783174818980516,3.196392717974582,1.8067366742772133,-0.13916000371682458,47.999998927116394,3.6911174371467648,96.74999068414775,29.306560719727706
11:27:49.609517,20,-0.38650097789250115,3.2568525743716115,1.770153546415052,-0.13916000371682458,66.35999851673841,3.7269176641010784,96.76781838769648,28.35703798036365
11:27:49.609517,21,-0.3946744236604667,3.3168943420417834,1.7323321278965946,-0.06972000186215155,39.759999111294746,3.7627822921746694,96.78567108534334,27.41201542861897
11:27:49.609517,22,-0.34760999689411887,3.1977065835725593,1.7736349560200881,-0.13916000371682458,46.35999896377325,3.6731377678737287,96.204035724543,28.8727816565487
11:27:49.609517,23,-0.3544285214106495,3.2604310188062278,1.7691947051186367,-0.13916000371682458,61.359998628497124,3.7264030793518534,96.204035724543,28.344556015994613
11:27:49.609517,24,-0.36192372184757016,3.3205484608554907,1.7313530097114145,-0.06972000186215155,35.999999195337296,3.7622618337328064,96.22040769873931,27.399329706529258
11:27:49.609517,25,-0.3687550185968566,3.38322368919005,1.7262823077908676,0.06972000186215155,9.239999793469906,3.8160494494999493,96.22040769873931,26.896112340706885
11:27:49.609517,26,-0.316119792211593,3.2009121789391206,1.772776019330357,-0.13916000371682458,41.999999061226845,3.6726700525668616,95.64020052645444,28.861503657457025
11:27:49.609517,27,-0.3223206223735974,3.2636994933500056,1.7683189200041498,-0.06972000186215155,52.63999882340431,3.725933006556214,95.64020052645444,28.333154041303978
11:27:49.609517,28,-0.32913682796570903,3.323886054757189,1.7304587041207913,-0.06972000186215155,30.999999307096004,3.7617863952117276,95.65508995484753,27.38774154125714
11:27:49.609517,29,-0.2845979758146912,3.2038134470837827,1.7719986268739687,-0.06972000186215155,36.35999918729067,3.6722466890441767,95.07631747240703,28.851295369219823
11:27:49.609517,30,-0.29018049154434833,3.266657671158228,1.7675262786493688,-0.06972000186215155,43.119999036192894,3.7255075095785144,95.07631747240703,28.32283352568989
11:27:49.609517,31,-0.29780106537965695,3.3171265512595056,1.629610967893424,-0.06972000186215155,25.879999421536922,3.7077818083445235,95.1300796420726,26.072686513075578
11:27:49.609517,32,-0.30277753266792207,3.598884730869106,0.8393975371961258,-0.20888000557897612,6.8799998462200165,3.7078610769313074,94.80902265372012,13.08422992468772
11:27:49.609517,33,-0.3080723191868234,3.7416904998871043,1.1171831307065356,-0.27832000743364915,6.5199998542666435,3.917046655112728,94.70683474061266,16.571436102782332
11:27:49.609517,34,-0.2530476998586445,3.2064100978821632,1.771302856389517,-0.06972000186215155,30.51999931782484,3.6718677349896627,94.5123912689794,28.842158105023444
11:27:49.609517,35,-0.2580113429090583,3.2693052564155933,1.7668168603177654,-0.06972000186215155,34.759999223053455,3.7251266462496933,94.5123912689794,28.313595799999224
11:27:49.609517,36,-0.23174666967997581,3.3222417599887315,1.6282403518453112,-0.06972000186215155,21.359999522566795,3.707042416010117,93.99026711284884,26.05469552819035
11:27:49.609517,37,-0.18987439180420143,3.2106885392759046,1.7701564514732,-0.06972000186215155,25.359999433159828,3.6712432558457424,93.38442836200673,28.827101215506218
11:27:49.609517,38,-0.1935988623520742,3.2736676213379914,1.765647968159719,-0.06972000186215155,27.87999937683344,3.724499021609122,93.38442836200673,28.29837334656874
11:27:49.615517,1,-0.6646311193126734,3.1182486272939074,0.4818632703588137,-0.13916000371682458,27.759999379515648,3.2245001531555313,102.03211342880859,8.594366734863279
11:27:49.615517,2,-0.6730304033684499,3.157655533194225,0.6209208477398939,-0.13916000371682458,22.879999488592148,3.2877501561597455,102.03211342880859,10.886197864160152
11:27:49.615517,3,-0.6334159221646369,3.1247389164420567,0.4818632703588137,-0.13916000371682458,35.63999920338392,3.2245001531555317,101.45915564648438,8.594366734863279
11:27:49.615517,4,-0.6414207237773186,3.164227843452393,0.6209208477398939,-0.13916000371682458,29.639999337494373,3.2877501561597455,101.45915564648438,10.886197864160152
11:27:49.615517,5,-0.6537604274588379,3.225101514229783,0.6328661731507519,-0.06972000186215155,18.879999577999115,3.3510001591639593,101.45915564648438,10.886197864160152
11:27:49.615517,6,-0.5903261916662846,3.0695024116476795,0.4724113082405954,-0.13916000371682458,31.5199992954731,3.1612501501513175,100.88619786416015,8.594366734863279
11:27:49.615517,7,-0.6021373839550606,3.1309167343164708,0.4818632703588137,-0.13916000371682458,47.11999894678593,3.2245001531555317,100.88619786416015,8.594366734863277
11:27:49.615517,8,-0.6108890602167925,3.1764225779849014,0.5886044949740264,-0.13916000371682458,39.639999113976955,3.2877501561597455,100.88619786416015,10.313240081835936
11:27:49.615517,9,-0.6214772628040894,3.2314777556740104,0.6328661731507519,-0.13916000371682458,24.51999945193529,3.3510001591639593,100.88619786416015,10.886197864160152
11:27:49.615517,10,-0.5596021637547428,3.0752521012104275,0.4724113082405954,-0.13916000371682458,39.35999912023544,3.161250150151318,100.31324008183593,8.594366734863277
11:27:49.615517,11,-0.5699074294778683,3.1318839231032083,0.5137215702436809,-0.13916000371682458,64.63999855518341,3.2245001531555317,100.31324008183593,9.167324517187499
11:27:49.615517,12,-0.5790948203509005,3.182372546837903,0.5886044949740264,-0.13916000371682458,55.359998762607574,3.2877501561597455,100.31324008183593,10.313240081835936
11:27:49.615517,13,-0.5891319509437348,3.237530852050005,0.6328661731507519,-0.13916000371682458,32.87999926507473,3.351000159163959,100.31324008183593,10.886197864160154
11:27:49.615517,14,-0.6002517945418223,3.2986391261151087,0.6448114985616098,-0.13916000371682458,8.239999815821648,3.414250162168173,100.31324008183593,10.886197864160152
11:27:49.615517,15,-0.5261868740755475,3.0653421134925125,0.5659572533606999,-0.13916000371682458,49.239998899400234,3.1612501501513175,99.74028229951172,10.313240081835938
11:27:49.615517,16,-0.5367147727818435,3.1266731972974635,0.5772808741673632,-0.13916000371682458,91.63999795168638,3.2245001531555313,99.74028229951172,10.313240081835938
11:27:49.615517,17,-0.5472426714881397,3.1880042811024145,0.5886044949740264,-0.13916000371682458,80.99999818950891,3.287750156159745,99.74028229951172,10.313240081835938
11:27:49.615517,18,-0.5577705701944357,3.2493353649073655,0.5999281157806897,-0.13916000371682458,45.519998982548714,3.351000159163959,99.74028229951172,10.313240081835938
11:27:49.615517,19,-0.567235941450095,3.304476613310397,0.6448114985616098,-0.13916000371682458,9.759999781847,3.414250162168173,99.74028229951172,10.886197864160154
11:27:49.615517,20,-0.49550765539025954,3.0704506285966873,0.5659572533606999,-0.13916000371682458,60.87999863922596,3.1612501501513184,99.1673245171875,10.313240081835934
11:27:49.615517,21,-0.505421727103485,3.1318839231032083,0.5772808741673632,-0.13916000371682458,132.35999704152346,3.2245001531555317,99.1673245171875,10.313240081835936
11:27:49.615517,22,-0.5153357988167103,3.1933172176097298,0.5886044949740264,-0.13916000371682458,123.63999723643064,3.2877501561597455,99.1673245171875,10.313240081835936
11:27:49.615517,23,-0.5252498705299358,3.254750512116251,0.5999281157806897,-0.13916000371682458,64.63999855518341,3.3510001591639593,99.1673245171875,10.313240081835936
11:27:49.615517,24,-0.5341633652394536,3.3099836556128475,0.6448114985616098,-0.13916000371682458,11.359999746084213,3.414250162168173,99.1673245171875,10.886197864160152
11:27:49.615517,25,-0.464778886354569,3.0752521012104275,0.5659572533606999,-0.13916000371682458,71.8799983933568,3.161250150151318,98.59436673486327,10.313240081835936
11:27:49.615517,26,-0.4740781396758585,3.136781463140537,0.5772808741673632,-0.13916000371682458,183.75999589264393,3.2245001531555317,98.59436673486327,10.313240081835936
11:27:49.615517,27,-0.483377392997148,3.198310825070647,0.5886044949740264,-0.13916000371682458,187.51999580860138,3.2877501561597455,98.59436673486327,10.313240081835936
11:27:49.615517,28,-0.4926766463184375,3.2598401870007567,0.5999281157806897,-0.13916000371682458,91.23999796062708,3.3510001591639593,98.59436673486327,10.313240081835936
11:27:49.615517,29,-0.5010373731398106,3.315159702322844,0.6448114985616098,-0.13916000371682458,13.119999706745148,3.4142501621681736,98.59436673486327,10.88619786416015
11:27:49.615517,30,-0.4340036398196353,3.079746051190496,0.5659572533606999,-0.13916000371682458,78.75999823957682,3.1612501501513184,98.02140895253906,10.313240081835934
11:27:49.615517,31,-0.4426871448314477,3.14136532765955,0.5772808741673632,-0.13916000371682458,217.3599951416254,3.2245001531555317,98.02140895253906,10.313240081835936
11:27:49.615517,32,-0.4513706498432601,3.2029846041286048,0.5886044949740264,-0.13916000371682458,243.23999456316233,3.2877501561597455,98.02140895253906,10.313240081835936
11:27:49.615517,33,-0.46005415485507245,3.2646038805976594,0.5999281157806897,-0.13916000371682458,118.23999735713005,3.3510001591639593,98.02140895253906,10.313240081835936
11:27:49.615517,34,-0.4687376598668849,3.326223157066714,0.611251736587353,-0.13916000371682458,14.759999670088291,3.414250162168173,98.02140895253906,10.313240081835936
11:27:49.615517,35,-0.4024311726311105,3.0781661110301246,0.5970301969181779,-0.13916000371682458,77.75999826192856,3.161250150151318,97.44845117021484,10.886197864160152
11:27:49.615517,36,-0.41125188164343734,3.145635058277636,0.5772808741673632,-0.13916000371682458,197.87999557703733,3.224500153155532,97.44845117021484,10.313240081835934
11:27:49.615517,37,-0.4207608720250408,3.21836861853191,0.5237984470673475,-0.13916000371682458,224.75999497622252,3.2877501561597455,97.44845117021484,9.167324517187497
11:27:49.615517,38,-0.4273856583616556,3.2690411165415902,0.5999281157806897,-0.13916000371682458,124.87999720871449,3.3510001591639593,97.44845117021484,10.313240081835936
11:27:49.615517,39,-0.4354525467207647,3.3307441456735676,0.611251736587353,-0.13916000371682458,15.87999964505434,3.4142501621681736,97.44845117021484,10.313240081835936
11:27:49.615517,40,-0.36419436681954787,3.020371346048967,0.58508487150732,-0.3480400092958007,11.519999742507935,3.098000147147104,96.87549338789063,10.886197864160154
11:27:49.615517,41,-0.3716299038438656,3.0820364485788563,0.5970301969181779,-0.3480400092958007,69.51999844610691,3.1612501501513175,96.87549338789063,10.886197864160154
11:27:49.615517,42,-0.37977549361180984,3.149590228025309,0.5772808741673632,-0.13916000371682458,146.5199967250228,3.2245001531555317,96.87549338789063,10.313240081835936
11:27:49.615517,43,-0.3885566850837906,3.222415239948906,0.5237984470673475,-0.13916000371682458,156.99999649077654,3.2877501561597455,96.87549338789063,9.167324517187497
11:27:49.615517,44,-0.3960317699690616,3.284408324558979,0.533875323891014,-0.13916000371682458,103.99999767541885,3.3510001591639593,96.87549338789063,9.167324517187497
11:27:49.615517,45,-0.40350685485433263,3.346401409169052,0.5439522007146805,-0.13916000371682458,15.999999642372131,3.414250162168173,96.87549338789063,9.167324517187495
11:27:49.615517,46,-0.3407914723775883,3.085598585064863,0.5970301969181779,-0.3480400092958007,57.759998708963394,3.1612501501513175,96.3025356055664,10.886197864160154
11:27:49.615517,47,-0.3482611283489973,3.153230441388909,0.5772808741673632,-0.3480400092958007,100.6399977505207,3.2245001531555317,96.3025356055664,10.313240081835936
11:27:49.615517,48,-0.3563136427995651,3.2261396225416483,0.5237984470673475,-0.13916000371682458,101.11999773979187,3.287750156159745,96.3025356055664,9.167324517187499
11:27:49.615517,49,-0.3631684334336074,3.288204357124801,0.533875323891014,-0.13916000371682458,75.23999831825495,3.3510001591639598,96.3025356055664,9.167324517187497
11:27:49.615517,50,-0.3706018545658123,3.355508135496079,0.5102191567134686,-0.13916000371682458,15.119999662041664,3.414250162168173,96.3025356055664,8.594366734863277
11:27:49.615517,51,-0.3099189620495885,3.0888521642774807,0.5970301969181779,-0.3480400092958007,46.11999896913767,3.1612501501513175,95.72957782324218,10.886197864160152
11:27:49.615517,52,-0.3167119372651235,3.15655533435015,0.5772808741673632,-0.3480400092958007,69.51999844610691,3.2245001531555317,95.72957782324218,10.313240081835936
11:27:49.615517,53,-0.3245416849841712,3.234591647545654,0.491315232477032,-0.13916000371682458,66.63999851047993,3.2877501561597455,95.72957782324218,8.594366734863277
11:27:49.615517,54,-0.3307852441280382,3.2968189828683707,0.5007671945952503,-0.13916000371682458,52.63999882340431,3.3510001591639593,95.72957782324218,8.594366734863277
11:27:49.615517,55,-0.33702880327190526,3.359046318191088,0.5102191567134686,-0.13916000371682458,13.519999697804451,3.4142501621681736,95.72957782324218,8.594366734863277
11:27:49.615517,56,-0.27901546008503414,3.0917968608615136,0.5970301969181779,-0.3480400092958007,36.51999918371439,3.161250150151318,95.15662004091797,10.886197864160152
11:27:49.615517,57,-0.2845979758146912,3.153657248824974,0.608975522329036,-0.3480400092958007,49.51999889314175,3.2245001531555317,95.15662004091797,10.886197864160154
11:27:49.615517,58,-0.2597892600110395,3.2404351516497574,0.491315232477032,-0.13916000371682458,45.99999897181988,3.287750156159745,94.58366225859375,8.594366734863279
11:27:49.615517,59,-0.26478710677423567,3.3027749047763177,0.5007671945952503,-0.13916000371682458,37.35999916493893,3.3510001591639598,94.58366225859375,8.594366734863275
11:27:49.615517,60,-0.26978495353743187,3.3651146579028772,0.5102191567134686,-0.13916000371682458,11.759999737143517,3.414250162168173,94.58366225859375,8.594366734863277
11:27:49.615517,61,-0.24808405680823073,3.0944323803497698,0.5970301969181779,-0.3480400092958007,28.879999354481697,3.161250150151318,94.58366225859375,10.886197864160152
11:27:49.615517,62,-0.2530476998586445,3.15634549954538,0.608975522329036,-0.3480400092958007,36.51999918371439,3.2245001531555317,94.58366225859375,10.886197864160154
11:27:49.615517,63,-0.22737245993444954,3.242870980493647,0.491315232477032,-0.13916000371682458,33.2399992570281,3.2877501561597455,94.01070447626952,8.594366734863277
11:27:49.615517,64,-0.23174666967997581,3.3052575942922093,0.5007671945952503,-0.13916000371682458,27.359999388456345,3.3510001591639593,94.01070447626952,8.594366734863277
11:27:49.615517,65,-0.23612087942550206,3.367644208090772,0.5102191567134686,-0.13916000371682458,10.119999773800373,3.4142501621681736,94.01070447626952,8.594366734863277
11:27:49.615517,66,-0.18614992125632868,3.098774864783796,0.5970301969181779,-0.3480400092958007,23.23999948054552,3.1612501501513175,93.43774669394531,10.886197864160154
11:27:49.615517,67,-0.18987439180420143,3.160774868009601,0.608975522329036,-0.3480400092958007,27.87999937683344,3.2245001531555317,93.43774669394531,10.886197864160154
11:27:49.615517,68,-0.19493292280235905,3.244982524956367,0.491315232477032,-0.13916000371682458,24.999999441206455,3.287750156159745,93.43774669394531,8.594366734863279
11:27:49.615517,69,-0.19868305811290557,3.30740976081782,0.5007671945952503,-0.13916000371682458,20.75999953597784,3.3510001591639593,93.43774669394531,8.594366734863277
11:27:49.615517,70,-0.15825767698368395,3.1625155428202802,0.608975522329036,-0.3480400092958007,21.87999951094389,3.2245001531555317,92.86478891162109,10.886197864160154
11:27:49.615517,71,-0.16247389254130332,3.2467695738852407,0.491315232477032,-0.13916000371682458,19.35999956727028,3.287750156159745,92.86478891162109,8.594366734863279
11:27:49.615517,72,-0.16559957840648082,3.3092311891382984,0.5007671945952503,-0.13916000371682458,16.239999637007713,3.351000159163959,92.86478891162109,8.594366734863279
11:27:49.615517,73,0.1315987124187803,0.1087894692310225,-0.18669664259080943,2.7832000743364915,5.519999876618385,0.2530000120168552,39.579715155468776,-47.55549593291014
11:27:49.658107,1,-0.6021373839550606,3.1489487251411545,1.6551032981083982,-0.06972000186215155,31.75999929010868,3.6080208466877854,100.82533672661042,27.30511368322783
11:27:49.658107,2,-0.6171680631271025,3.193138783994292,1.5180566658456374,-0.06972000186215155,30.23999932408333,3.5890845284990123,100.93920855444587,25.02191405583185
11:27:49.658107,3,-0.5707986325115597,3.154613618176502,1.6535853945943682,-0.06972000186215155,37.99999915063381,3.6071793434867527,100.25618297953696,27.28488248324739
11:27:49.658107,4,-0.5850470272230263,3.1989450852730528,1.5165008721069815,-0.06972000186215155,36.23999918997288,3.588217465226481,100.36414142057441,25.000962751006558
11:27:49.658107,5,-0.5394028016830232,3.159975523927634,1.6521486762784607,-0.06972000186215155,44.99999899417162,3.6063826672739387,99.68693286262848,27.26572953048256
11:27:49.658107,6,-0.5528674871063805,3.2044408360357113,1.5150282901283245,-0.06972000186215155,42.9999990388751,3.5873965838532165,99.78896505353252,24.981127428298105
11:27:49.658107,7,-0.5079530310262308,3.1650339062084676,1.6507932868313033,-0.06972000186215155,52.11999883502722,3.605630927455729,99.11759143665375,27.247657364410426
11:27:49.658107,8,-0.520632660704217,3.209625486711796,1.51363906716663,-0.06972000186215155,49.99999888241291,3.586621998203177,99.21368520442383,24.96241082327667
11:27:49.658107,9,-0.47645246549189896,3.1697882591850117,1.6495193617907058,-0.06972000186215155,57.879998706281185,3.6049242273399966,98.54816381209487,27.230668383857004
11:27:49.658107,10,-0.48834577147216945,3.2144985188405824,1.5123333421430307,-0.06972000186215155,56.11999874562025,3.585893815759267,98.63830767815762,24.944815520276077
11:27:49.658107,11,-0.4449042551101904,3.174238107425952,1.6483270285481049,-0.06972000186215155,60.63999864459038,3.604262664109328,97.97865514637898,27.214764846221467
11:27:49.658107,12,-0.4560100480721113,3.21905944512294,1.5111112456289353,-0.06972000186215155,59.63999866694212,3.585212137634839,98.06283833046083,24.92834395151073
11:27:49.658107,13,-0.4031849932843282,3.1253301093555055,1.7484923846521672,-0.4872000130126253,32.63999927043915,3.6038135426850824,97.3508753027473,29.024159462299757
11:27:49.658107,14,-0.4133115546757118,3.1783830059501934,1.6472164063358254,-0.06972000186215155,59.51999866962433,3.603646328795787,97.40907064108201,27.19994886674401
11:27:49.658107,15,-0.4236287240492915,3.2233078094700627,1.5099728998329707,-0.06972000186215155,59.239998675882816,3.5845770585468397,97.4872830648585,24.912998396241914
11:27:49.658107,16,-0.38167752343203853,3.182222540271355,1.6461876062151586,-0.06972000186215155,54.87999877333641,3.6030753062572374,96.83941553910618,27.18622241781781
11:27:49.658107,17,-0.3912050375089833,3.227243187049074,1.508918418588763,-0.06972000186215155,55.359998762607574,3.583988666790603,96.91164782962441,24.898780979994317
11:27:49.658107,18,-0.39873107161207605,3.2893291520953376,1.4994709514686169,-0.06972000186215155,28.519999362528324,3.636906085203651,96.91164782962441,24.348959628401005
11:27:49.658107,19,-0.33397294786105763,3.072257713105222,1.7825154578229905,-0.4872000130126253,10.519999764859676,3.567585562115566,96.204035724543,29.976315369931545
11:27:49.658107,20,-0.3500053247557917,3.1857563264392215,1.6452407310652544,-0.06972000186215155,48.239998921751976,3.6025496751552315,96.26969512183285,27.173587328345707
11:27:49.658107,21,-0.3262435501538441,3.2341734391026886,1.5070614631476527,-0.06972000186215155,48.99999890476465,3.5829522662071622,95.76016144860944,24.873738293634005
11:27:49.658107,22,-0.31829812584030415,3.188984011078138,1.6443758755728344,-0.06972000186215155,41.11999908089638,3.6020695079344853,95.6999147062524,27.162045283142234
11:27:49.658107,23,-0.2937122454333239,3.237167620557893,1.5062591746447385,-0.06972000186215155,41.879999063909054,3.5825044016591776,95.18432239529466,24.862916499551922
11:27:49.658107,24,-0.2547914132478433,3.1945198153482517,1.6428925612892007,-0.4872000130126253,34.51999922841787,3.6012458237194602,94.56019530880762,27.142246341091525
11:27:49.658107,25,-0.2611515697343327,3.239847429275489,1.5055411220629886,-0.06972000186215155,35.23999921232462,3.582103512962793,94.6084275510026,24.8532297953471
11:27:49.658107,26,-0.2701791976665864,3.378511605006135,1.5879724452751915,-0.13916000371682458,6.7599998489022255,3.742859061060964,94.57220698760648,25.104290259086035
11:27:49.718883,1,-0.6021373839550606,3.1489487251411545,1.6551032981083982,-0.13916000371682458,26.99999939650297,3.6080208466877854,100.82533672661042,27.30511368322783
11:27:49.718883,2,-0.6139485762438363,3.210716753320772,1.6483379960787368,-0.13916000371682458,26.6399994045496,3.6609634078536457,100.82533672661042,26.75953590300836
11:27:49.718883,3,-0.5707986325115597,3.154613618176502,1.6535853945943682,-0.13916000371682458,32.99999926239252,3.6071793434867527,100.25618297953696,27.28488248324739
11:27:49.718883,4,-0.5819951012683766,3.216492765749665,1.6467903182129429,-0.06972000186215155,32.51999927312136,3.6601178071450384,100.25618297953696,26.739079209065164
11:27:49.718883,5,-0.5394028016830232,3.159975523927634,1.6521486762784607,-0.27832000743364915,40.639999091625214,3.6063826672739387,99.68693286262848,27.26572953048256
11:27:49.718883,6,-0.5499834272703861,3.221959847664158,1.6453254180289996,-0.06972000186215155,39.87999910861254,3.6593172534565004,99.68693286262848,26.71971274397103
11:27:49.718883,7,-0.5605640528577488,3.283944171400683,1.6385021597795384,-0.06972000186215155,14.999999664723873,3.712574673435544,99.68693286262848,26.189314309625008
11:27:49.718883,8,-0.49798930666201646,3.102950360056293,1.657643131646909,-0.06972000186215155,28.759999357163906,3.5530374383644436,99.11759143665375,27.810098721871185
11:27:49.718883,9,-0.5079530310262308,3.1650339062084676,1.6507932868313033,-0.27832000743364915,50.1199988797307,3.605630927455729,99.11759143665375,27.247657364410426
11:27:49.718883,10,-0.5179167553904451,3.2271174523606416,1.6439434420156978,-0.27832000743364915,49.11999890208244,3.658561856439115,99.11759143665375,26.701439081499895
11:27:49.718883,11,-0.5278804797546593,3.289200998512816,1.6370935972000922,-0.06972000186215155,17.23999961465597,3.7118157895452266,99.11759143665374,26.170847057757715
11:27:49.718883,12,-0.4639099057884532,3.119434438730805,1.7822412031551793,-0.27832000743364915,35.23999921232462,3.6224946272496314,98.45880484837677,29.471645600828595
11:27:49.718883,13,-0.47645246549189896,3.1697882591850117,1.6495193617907058,-0.27832000743364915,61.23999863117933,3.6049242273399966,98.54816381209487,27.230668383857004
11:27:49.718883,14,-0.485798292268876,3.231965064082965,1.6426445283694817,-0.27832000743364915,59.63999866694212,3.6578517196308487,98.54816381209487,26.68426065288338
11:27:49.718883,15,-0.4951441190458531,3.2941418689809194,1.635769694948257,-0.06972000186215155,19.759999558329582,3.7111023761828386,98.54816381209487,26.153486617672694
11:27:49.718883,16,-0.4209204425585627,3.0679268972020153,1.9091405140659705,-0.41748001115047373,21.119999527931213,3.6378794603432585,97.81222202731627,31.65443568864535
11:27:49.718883,17,-0.4331921986382494,3.1237671451973283,1.7810802579564333,-0.27832000743364915,42.9999990388751,3.62185360605001,97.89520754748206,29.456282150252214
11:27:49.718883,18,-0.4449042551101904,3.174238107425952,1.6483270285481049,-0.27832000743364915,72.99999836832285,3.604262664109328,97.97865514637898,27.214764846221467
11:27:49.718883,19,-0.45363124972508245,3.2365021980740187,1.641428806980627,-0.27832000743364915,70.23999843001366,3.65718694042989,97.97865514637898,26.668179746023057
11:27:49.718883,20,-0.4623582443399745,3.298766288722086,1.6345305854131489,-0.06972000186215155,22.11999950557947,3.7104345309369737,97.97865514637898,26.13723530613612
11:27:49.718883,21,-0.3910308353099037,3.071848353338127,1.9080897630611455,-0.4872000130126253,24.999999441206455,3.637301742221569,97.25444855009609,31.640602728496635
11:27:49.718883,22,-0.4024311726311105,3.127802929715514,1.7799988727539595,-0.27832000743364915,51.639998845756054,3.6212564121928135,97.33154386724006,29.441969674981017
11:27:49.718883,23,-0.4133115546757118,3.1783830059501934,1.6472164063358254,-0.27832000743364915,82.75999815016985,3.603646328795787,97.40907064108201,27.19994886674401
11:27:49.718883,24,-0.4220346753163185,3.2368583500690358,1.607653413743096,-0.27832000743364915,78.11999825388193,3.6386693645206103,97.4285493680826,26.220351950829787
11:27:49.718883,25,-0.429526134197026,3.3030737952982157,1.6333763925046831,-0.27832000743364915,23.879999466240406,3.7098123452185034,97.40907064108201,26.122095294027787
11:27:49.718883,26,-0.3611021253053196,3.0754809067855686,1.9071164232984406,-0.4872000130126253,28.999999351799488,3.636766504041363,96.696621544488,31.62778758430537
11:27:49.718883,27,-0.3716299038438656,3.13154138871029,1.7789971556853723,-0.4872000130126253,59.8799986615777,3.6207031270974452,96.76781838769648,29.42871000588397
11:27:49.718883,28,-0.38167752343203853,3.182222540271355,1.6461876062151586,-0.27832000743364915,86.99999805539846,3.6030753062572374,96.83941553910618,27.18622241781781
11:27:49.718883,29,-0.3897329940450436,3.240778919436782,1.6066029003471383,-0.27832000743364915,79.99999821186066,3.638091902456147,96.85740473691733,26.20638974352773
11:27:49.718883,30,-0.3966510718005151,3.307063957962261,1.6323072316411835,-0.27832000743364915,24.759999446570873,3.7092359042371,96.83941553910618,26.108068605632752
11:27:49.718883,31,-0.33113730539073666,3.0788241942920402,1.9062205921110165,-0.4872000130126253,32.75999926775694,3.636273818095599,96.13874499975636,31.61599183204755
11:27:49.718883,32,-0.3407914723775883,3.1349821483388904,1.7780752069215393,-0.4872000130126253,65.51999853551388,3.6201938262360875,96.204035724543,29.416504840500238
11:27:49.718883,33,-0.3500053247557917,3.1857563264392215,1.6452407310652544,-0.27832000743364915,83.8799981251359,3.6025496751552315,96.26969512183285,27.173587328345707
11:27:49.718883,34,-0.3573923398008828,3.2443872877030966,1.605636040984185,-0.27832000743364915,74.99999832361937,3.637560343590904,96.28619267623506,26.193537559370704
11:27:49.718883,35,-0.36426788249494585,3.3068030723422024,1.5980492352940472,-0.27832000743364915,23.999999463558197,3.690717952904701,96.28619267623506,25.657554002601955
11:27:49.718883,36,-0.3011393720230418,3.0818778815315917,1.9054023590812412,-0.4872000130126253,35.35999920964241,3.6358237509604945,95.58082293581647,31.605216923326616
11:27:49.718883,37,-0.3099189620495885,3.138124864528235,1.7772331186565642,-0.4872000130126253,66.35999851673841,3.6197285791144598,95.64020052645444,29.40535574251493
11:27:49.718883,38,-0.31829812584030415,3.188984011078138,1.6443758755728344,-0.27832000743364915,74.99999832361937,3.6020695079344853,95.6999147062524,27.162045283142234
11:27:49.718883,39,-0.2937122454333239,3.237167620557893,1.5062591746447385,-0.20888000557897612,65.35999853909016,3.5825044016591776,95.18432239529466,24.862916499551922
11:27:49.718883,40,-0.3312686296497231,3.3101622836616293,1.5971491373338014,-0.27832000743364915,21.99999950826168,3.6902301575988568,95.7149186767007,25.645688699966872
11:27:49.718883,41,-0.2711113249704394,3.084641663138057,1.904661806031733,-0.4872000130126253,36.23999918997288,3.6354163634789356,95.02285940073932,31.59546418494978
11:27:49.718883,42,-0.27901546008503414,3.140969223009338,1.776470975098568,-0.4872000130126253,62.35999860614538,3.61930744925407,95.07631747240703,29.39526414127516
11:27:49.718883,43,-0.2547914132478433,3.1945198153482517,1.6428925612892007,-0.27832000743364915,63.51999858021736,3.6012458237194602,94.56019530880762,27.142246341091525
11:27:49.718883,44,-0.2611515697343327,3.239847429275489,1.5055411220629886,0.06972000186215155,54.359998784959316,3.582103512962793,94.6084275510026,24.8532297953471
11:27:49.718883,45,-0.26617562472199796,3.302175875751552,1.4960286822395483,-0.20888000557897612,19.239999569952488,3.6350126266183826,94.6084275510026,24.302919205812387
11:27:49.718883,46,-0.23615412100802727,3.0243366114920986,1.9059512544535597,-0.4872000130126253,10.87999975681305,3.5826011350461107,94.46485846824099,32.14082735108476
11:27:49.718883,47,-0.24105616701247728,3.0871152627355922,1.9039990070171755,-0.4872000130126253,35.11999921500683,3.6350517107452793,94.46485846824099,31.586734818540123
11:27:49.718883,48,-0.24808405680823073,3.1435149393487327,1.7757888524612686,-0.4872000130126253,54.9999987706542,3.6189304941759803,94.5123912689794,29.386231331346643
11:27:49.718883,49,-0.22299825018892333,3.1968273814036605,1.6422742508281725,-0.27832000743364915,52.3599988296628,3.600902420368086,93.99026711284884,27.133992088694914
11:27:49.718883,50,-0.22856477909716102,3.242212597276851,1.50490737720706,0.06972000186215155,44.11999901384115,3.5817496559861173,94.03248304109614,24.844679527910948
11:27:49.718883,51,-0.23296192677502445,3.3045865450459213,1.4953827453489037,-0.20888000557897612,16.359999634325504,3.6346572119131806,94.03248304109614,24.294277087087703
11:27:49.718883,52,-0.2630893306207654,3.4971438522457103,0.5538283304354066,0.06972000186215155,7.639999829232693,3.5504868594010204,94.30224436565676,8.97401958632941
11:27:49.718883,53,-0.2109769036397709,3.089298432966308,1.9034140283169154,-0.4872000130126253,32.239999279379845,3.6347298420915877,93.90682423515828,31.579029900184604
11:27:49.718883,54,-0.18614992125632868,3.147709457213817,1.7746649347866814,-0.4872000130126253,46.51999896019697,3.6183093083619116,93.38442836200673,29.37134658740726
11:27:49.718883,55,-0.19146216812655795,3.1950620170710002,1.6097152540176363,0.06972000186215155,42.75999904423952,3.582772983845138,93.42931420875493,26.698340337469805
11:27:49.718883,56,-0.19595513217357144,3.2442628880471593,1.5043580034509068,0.06972000186215155,35.759999200701714,3.5814428800599423,93.45649501686891,24.83726688678702
11:27:49.718883,57,-0.19972493283054915,3.306676279475639,1.4948228026960653,-0.20888000557897612,13.879999689757824,3.6343490858063072,93.45649501686891,24.286784811030746
11:27:49.718883,58,-0.22006688619592085,3.365706657285638,0.4067782178758179,-0.13916000371682458,5.239999882876873,3.3973341395622327,93.74096214446436,6.876781998839471
11:27:49.718883,59,-0.22931473922534182,3.557851964483868,0.5290730389662575,-0.06972000186215155,5.119999885559082,3.6042771995739584,93.6877920614796,8.440967001465578
11:27:49.718883,60,-0.18087654275345724,3.0911909555150126,1.9029069284283324,-0.4872000130126253,28.519999362528324,3.634450801075289,93.34876081891161,31.57235038011823
11:27:49.718883,61,-0.15515338234289686,3.149357839291234,1.7742232521402195,-0.4872000130126253,38.6399991363287,3.6180651625409688,92.82040118512772,29.36549656520784
11:27:49.718883,62,-0.1633258899009359,3.2459980965590556,1.5038930557314445,0.06972000186215155,29.11999934911728,3.581183227964496,92.88046965234024,24.830992903755966
11:27:49.718883,63,-0.1664679665601205,3.308444870069012,1.4943489102748297,-0.20888000557897612,11.759999737143517,3.634088291142112,92.88046965234024,24.280443422475493
11:27:49.718883,64,-0.12165751991438024,3.0876676889437786,1.7783863672416662,-0.4872000130126253,24.639999449253082,3.5652700291408705,92.25634990670568,29.921190607124856
11:27:49.718883,65,-0.12414132822121839,3.1507067403723434,1.7738618151848666,-0.4872000130126253,31.87999928742647,3.617865361310616,92.25634990670568,29.360709157346285
11:27:49.718883,66,0.11638543928959413,0.0723536046212704,1.7873303230354503,-0.6958000185841229,5.359999880194664,1.7925764413888547,31.868072328608363,85.61546235318552
11:27:49.772551,1,-0.5635035964697684,3.2827335505052324,0.367867095388842,-0.06972000186215155,14.879999667406082,3.351000159163959,99.74028229951172,6.302535605566404
11:27:49.772551,2,-0.520632660704217,3.2261396225416488,0.36092361768566555,-0.06972000186215155,24.999999441206455,3.2877501561597455,99.1673245171875,6.302535605566403
11:27:49.772551,3,-0.5306486338741787,3.288204357124801,0.367867095388842,-0.06972000186215155,17.11999961733818,3.3510001591639598,99.1673245171875,6.302535605566402
11:27:49.772551,4,-0.48834577147216945,3.231184556630954,0.36092361768566555,-0.06972000186215155,30.51999931782484,3.2877501561597455,98.59436673486327,6.302535605566403
11:27:49.772551,5,-0.49774060685977944,3.2933463460635166,0.367867095388842,-0.06972000186215155,19.35999956727028,3.3510001591639593,98.59436673486327,6.302535605566403
11:27:49.772551,6,-0.4560100480721113,3.235906374971685,0.36092361768566555,-0.06972000186215155,37.119999170303345,3.2877501561597455,98.02140895253906,6.302535605566403
11:27:49.772551,7,-0.4647828062017018,3.298159003126794,0.367867095388842,-0.06972000186215155,21.7599995136261,3.3510001591639593,98.02140895253906,6.302535605566403
11:27:49.772551,8,-0.4154789204461837,3.17796736371897,0.3539801399824891,-0.06972000186215155,31.87999928742647,3.2245001531555317,97.44845117021484,6.302535605566403
11:27:49.772551,9,-0.424075415209025,3.2437213128467675,0.3282273238585888,-0.06972000186215155,43.99999901652336,3.2877501561597455,97.44845117021484,5.7295778232421855
11:27:49.772551,10,-0.4317785276523993,3.3026418470529593,0.367867095388842,-0.06972000186215155,23.519999474287033,3.3510001591639593,97.44845117021484,6.302535605566403
11:27:49.772551,11,-0.3611021253053196,2.994726474750708,0.7062743859511376,-0.4872000130126253,25.75999942421913,3.098000147147104,96.87549338789063,13.178028993457024
11:27:49.772551,12,-0.3684745298971729,3.055868001389824,0.7206939646830322,-0.5566400148672983,29.999999329447746,3.1612501501513175,96.87549338789063,13.178028993457026
11:27:49.772551,13,-0.38367900340589056,3.181963186547495,0.3539801399824891,-0.06972000186215155,37.119999170303345,3.2245001531555317,96.87549338789063,6.302535605566403
11:27:49.772551,14,-0.35912050302498927,3.2515535329297807,0.3282273238585888,-0.06972000186215155,49.63999889045954,3.287750156159745,96.3025356055664,5.729577823242186
11:27:49.772551,15,-0.36602929226271436,3.314107182373263,0.33454178762075315,-0.06972000186215155,24.119999460875988,3.3510001591639593,96.3025356055664,5.7295778232421855
11:27:49.772551,16,-0.33113730539073666,2.9981877006704205,0.7062743859511376,-0.5566400148672983,30.879999309778214,3.0980001471471037,96.3025356055664,13.178028993457028
11:27:49.772551,17,-0.33789793630292647,3.0593998930743598,0.7206939646830322,-0.5566400148672983,35.879999198019505,3.1612501501513175,96.3025356055664,13.178028993457026
11:27:49.772551,18,-0.31996725039040996,3.1889998834862983,0.3539801399824891,-0.06972000186215155,41.75999906659126,3.2245001531555317,95.72957782324218,6.302535605566404
11:27:49.772551,19,-0.32658755447059773,3.254982101712078,0.3282273238585888,-0.06972000186215155,51.759998843073845,3.2877501561597455,95.72957782324218,5.7295778232421855
11:27:49.772551,20,-0.33287047221685745,3.3176017102386655,0.33454178762075315,-0.06972000186215155,23.11999948322773,3.3510001591639593,95.72957782324218,5.729577823242186
11:27:49.772551,21,-0.3011393720230418,3.0013491103319505,0.7062743859511376,-0.5566400148672983,36.23999918997288,3.098000147147104,95.72957782324218,13.178028993457024
11:27:49.772551,22,-0.307287553198141,3.062625847332756,0.7206939646830322,-0.5566400148672983,41.999999061226845,3.161250150151318,95.72957782324218,13.178028993457024
11:27:49.772551,23,-0.2880617855371463,3.1920400539327782,0.3539801399824891,-0.06972000186215155,44.75999899953604,3.2245001531555313,95.15662004091797,6.302535605566405
11:27:49.772551,24,-0.2940219474343744,3.2580851750112303,0.3282273238585888,-0.06972000186215155,49.51999889314175,3.2877501561597455,95.15662004091797,5.7295778232421855
11:27:49.772551,25,-0.2996783654026579,3.320764480712534,0.33454178762075315,-0.06972000186215155,20.75999953597784,3.3510001591639598,95.15662004091797,5.7295778232421855
11:27:49.772551,26,-0.2711113249704394,3.0042103875969794,0.7062743859511376,-0.5566400148672983,40.879999086260796,3.0980001471471037,95.15662004091797,13.178028993457028
11:27:49.772551,27,-0.27664644159548146,3.0655455415722894,0.7206939646830322,-0.5566400148672983,47.51999893784523,3.161250150151318,95.15662004091797,13.178028993457024
11:27:49.772551,28,-0.2561275147466674,3.194761023048159,0.3539801399824891,-0.06972000186215155,45.2399989888072,3.2245001531555317,94.58366225859375,6.302535605566404
11:27:49.772551,29,-0.2620960926740887,3.2692090187834517,0.22995460212474245,-0.06972000186215155,43.87999901920557,3.2877501561597455,94.58366225859375,4.010704476269529
11:27:49.772551,30,-0.2671383184703433,3.3321023258895437,0.2343784873302447,-0.06972000186215155,17.759999603033066,3.3510001591639593,94.58366225859375,4.01070447626953
11:27:49.772551,31,-0.2714856435562384,3.3863279125184316,0.3408562513829175,-0.06972000186215155,7.999999821186066,3.414250162168173,94.58366225859375,5.7295778232421855
11:27:49.772551,32,-0.23615412100802727,2.9456264469472058,0.6919118016015825,-0.4872000130126253,17.519999608397484,3.0350001441547643,94.58366225859375,13.178028993457028
11:27:49.772551,33,-0.24105616701247728,3.0067712463401794,0.7062743859511376,-0.5566400148672983,43.5199990272522,3.098000147147104,94.58366225859375,13.178028993457023
11:27:49.772551,34,-0.24808405680823073,3.0944323803497698,0.5970301969181779,-0.5566400148672983,50.639998868107796,3.161250150151318,94.58366225859375,10.886197864160152
11:27:49.772551,35,-0.22416763141929763,3.1971625187378088,0.3539801399824891,-0.06972000186215155,42.9999990388751,3.224500153155532,94.01070447626952,6.302535605566403
11:27:49.772551,36,-0.22939144338754663,3.2716664768876824,0.22995460212474245,-0.06972000186215155,36.75999917834997,3.2877501561597455,94.01070447626952,4.01070447626953
11:27:49.772551,37,-0.23380449449978521,3.334607060771234,0.2343784873302447,-0.06972000186215155,14.879999667406082,3.3510001591639593,94.01070447626952,4.01070447626953
11:27:49.772551,38,-0.2109769036397709,3.0090314304778203,0.7062743859511376,-0.5566400148672983,42.87999904155731,3.098000147147104,94.01070447626952,13.178028993457024
11:27:49.772551,39,-0.18614992125632868,3.098774864783796,0.5970301969181779,-0.41748001115047373,50.35999887436628,3.1612501501513175,93.43774669394531,10.886197864160154
11:27:49.772551,40,-0.19218533151659375,3.1992443008541693,0.3539801399824891,-0.06972000186215155,38.75999913364649,3.224500153155532,93.43774669394531,6.302535605566403
11:27:49.772551,41,-0.19666385514885026,3.2737967710852294,0.22995460212474245,-0.06972000186215155,29.999999329447746,3.2877501561597455,93.43774669394531,4.01070447626953
11:27:49.772551,42,-0.20044729027565883,3.336778337740584,0.2343784873302447,-0.06972000186215155,12.359999723732471,3.3510001591639598,93.43774669394531,4.010704476269529
11:27:49.772551,43,-0.18129100234325113,3.0178900827959803,0.676075389549516,-0.5566400148672983,39.35999912023544,3.098000147147104,93.43774669394531,12.605071211132808
11:27:49.772551,44,-0.15515338234289686,3.1004813954847608,0.5970301969181779,-0.41748001115047373,46.63999895751476,3.1612501501513175,92.86478891162109,10.886197864160152
11:27:49.772551,45,-0.16018381324175127,3.2010061612207736,0.3539801399824891,-0.06972000186215155,33.519999250769615,3.2245001531555313,92.86478891162109,6.302535605566405
11:27:49.772551,46,-0.16391660068940417,3.2755996883484575,0.22995460212474245,-0.06972000186215155,24.35999945551157,3.287750156159745,92.86478891162109,4.01070447626953
11:27:49.772551,47,-0.16707004149043975,3.338615939671715,0.2343784873302447,-0.06972000186215155,10.519999764859676,3.351000159163959,92.86478891162109,4.01070447626953
11:27:49.772551,48,-0.12090096881887383,3.020912103174736,0.676075389549516,-0.5566400148672983,34.11999923735857,3.098000147147104,92.29183112929687,12.60507121113281
11:27:49.772551,49,-0.12414132822121839,3.1507067403723434,1.7738618151848666,-0.41748001115047373,40.879999086260796,3.617865361310616,92.25634990670568,29.360709157346285
11:27:49.772551,50,-0.12816627671978675,3.18494395861782,1.51306404561207,-0.06972000186215155,28.359999366104603,3.5284072072463983,92.3044131410353,25.392921757689177
11:27:49.772551,51,-0.13115295470721852,3.2249280544635037,1.3739496543134564,-0.06972000186215155,19.759999558329582,3.507862555258153,92.32884949360569,23.058897712657085
11:27:49.772551,52,-0.13367608584104307,3.286969480802129,1.3619056472068718,-0.06972000186215155,8.999999798834324,3.5604528722543662,92.32884949360569,22.48918934684863
11:27:49.772551,53,-0.09125378647658408,3.0886959801376617,1.778110837446681,-0.41748001115047373,28.519999362528324,3.5651154625776433,91.69227933034672,29.91751122483469
11:27:49.772551,54,-0.0931168600707235,3.151756025568168,1.7735806600640156,-0.41748001115047373,34.51999922841787,3.6177099319994954,91.69227933034672,29.35698497927981
11:27:49.772551,55,-0.09613592367752805,3.1860272640624525,1.5127737747930243,-0.41748001115047373,23.759999468922615,3.528242669782245,91.72833169275327,25.38897228657601
11:27:49.772551,56,-0.06084092773659275,3.0894305473051484,1.7779140107673665,-0.41748001115047373,23.519999474287033,3.565005042744392,91.12819427078745,29.91488275762818
11:27:49.772551,57,-0.06208308031223493,3.152505589951066,1.773379814892943,-0.41748001115047373,28.639999359846115,3.6175988958705054,91.12819427078745,29.354324509897328
11:27:49.772551,58,-0.030421984954800335,3.0898713169901386,1.7777959068862255,-0.41748001115047373,19.239999569952488,3.5649387847855647,90.56409955111795,29.913305542483524
11:27:49.772551,59,-0.03104309229772839,3.1529553585652272,1.7732592997559975,-0.41748001115047373,23.519999474287033,3.6175322681153403,90.56409955111795,29.352728091369535
